100	100	100	100	100	//	100	100	100	100	100	//	100	100	100	100	100	//	720	708	729	697	887	//	1023	1341	1160	1472	1252	//	-100	44	-29	132	76	//	90	205	50	163	242	//	217	282	138	129	296	//	-15	-4	-51	-133	9	//	-112	44	88	-5	-73	//	-3441	-3495	-3366	-3372	-3417	//	-3504	-3627	-3503	-3416	-3369	//	-3426	-3508	-3506	-3574	-3650	//	-3404	-3517	-3411	-3362	-3587	//	-3513	-3439	-3541	-3607	-3397	//	-3568	-3557	-3641	-3645	-3614	//	-3530	-3479	-3470	-3374	-3438	//	-3354	-3639	-3382	-3482	-3549	//	-3389	-3385	-3492	-3512	-3547	//	-3486	-3395	-3557	-3496	-3477	//	-3477	

100	100	100	100	100	//	100	100	100	100	100	//	100	100	100	100	100	//	915	592	734	759	1075	//	1027	1154	1139	1313	1389	//	-122	30	-6	98	112	//	72	207	267	229	202	//	315	317	123	40	247	//	49	-46	101	-21	58	//	-127	-46	139	34	4	//	-3486	-3431	-3625	-3359	-3416	//	-3634	-3455	-3553	-3431	-3367	//	-3616	-3593	-3384	-3439	-3368	//	-3608	-3463	-3490	-3636	-3366	//	-3399	-3458	-3615	-3595	-3501	//	-3417	-3400	-3533	-3524	-3626	//	-3368	-3351	-3501	-3394	-3550	//	-3519	-3587	-3448	-3528	-3633	//	-3455	-3563	-3544	-3396	-3581	//	-3606	-3384	-3497	-3619	-3468	//	-3468	

100	100	100	100	100	//	100	100	100	100	100	//	100	100	100	100	100	//	694	665	735	772	993	//	1245	1258	1282	1369	1170	//	80	-133	15	124	-132	//	232	180	61	280	180	//	158	259	327	144	253	//	139	117	80	-70	-37	//	5	-57	-145	-95	-2	//	-3389	-3373	-3523	-3648	-3553	//	-3441	-3540	-3559	-3605	-3362	//	-3351	-3647	-3506	-3554	-3370	//	-3638	-3461	-3542	-3437	-3544	//	-3472	-3382	-3425	-3384	-3449	//	-3494	-3609	-3483	-3370	-3393	//	-3385	-3523	-3369	-3417	-3619	//	-3550	-3508	-3419	-3633	-3388	//	-3558	-3589	-3488	-3486	-3547	//	-3445	-3645	-3564	-3379	-3624	//	-3624	

100	100	100	100	100	//	100	100	100	100	100	//	100	100	100	100	100	//	542	826	805	1078	1144	//	1170	917	1339	1352	1508	//	-139	-36	-30	-76	-140	//	130	175	256	335	134	//	226	312	187	249	349	//	2	-129	60	32	132	//	107	-127	126	134	-14	//	-3367	-3587	-3373	-3378	-3622	//	-3610	-3353	-3471	-3554	-3553	//	-3627	-3370	-3383	-3484	-3544	//	-3541	-3397	-3427	-3406	-3458	//	-3529	-3516	-3537	-3460	-3501	//	-3423	-3392	-3415	-3601	-3537	//	-3419	-3454	-3366	-3603	-3409	//	-3580	-3451	-3613	-3591	-3575	//	-3388	-3384	-3476	-3453	-3392	//	-3421	-3457	-3464	-3388	-3472	//	-3472	

100	100	100	100	100	//	100	100	100	100	100	//	100	100	100	100	100	//	590	720	679	911	1106	//	894	1350	1017	1143	1474	//	109	36	108	-79	-146	//	139	161	345	270	374	//	162	139	410	266	418	//	23	19	123	-136	102	//	16	-19	80	20	86	//	-3384	-3606	-3590	-3554	-3547	//	-3650	-3377	-3642	-3487	-3502	//	-3616	-3525	-3369	-3517	-3534	//	-3372	-3628	-3397	-3457	-3468	//	-3477	-3604	-3552	-3527	-3404	//	-3621	-3537	-3583	-3463	-3411	//	-3365	-3591	-3584	-3476	-3589	//	-3634	-3519	-3379	-3452	-3594	//	-3439	-3639	-3532	-3474	-3438	//	-3427	-3365	-3357	-3559	-3477	//	-3477	



100	100	100	100	100	//	100	100	100	100	100	//	100	100	100	100	100	//	99	-73	109	-77	73	//	1158	1336	1020	1125	1250	//	139	48	-48	6	18	//	275	380	227	364	296	//	290	160	360	359	266	//	119	114	-115	-67	-139	//	-17	-150	-54	65	115	//	-3412	-3513	-3516	-3553	-3538	//	-3423	-3475	-3635	-3413	-3415	//	-3504	-3441	-3407	-3364	-3397	//	-3632	-3584	-3411	-3386	-3529	//	-3586	-3516	-3401	-3449	-3506	//	-3400	-3608	-3529	-3647	-3368	//	-3491	-3537	-3472	-3637	-3565	//	-3545	-3480	-3617	-3511	-3627	//	-3496	-3485	-3421	-3355	-3541	//	-3529	-3545	-3420	-3386	-3424	//	-3424	

100	100	100	100	100	//	100	100	100	100	100	//	100	100	100	100	100	//	-68	144	-114	49	73	//	1166	960	1004	1467	1390	//	116	104	-73	-9	-118	//	332	328	333	198	198	//	207	311	211	443	268	//	-144	-84	-85	-105	9	//	-125	-105	-137	49	128	//	-3630	-3410	-3612	-3439	-3578	//	-3494	-3367	-3590	-3602	-3583	//	-3580	-3605	-3629	-3629	-3399	//	-3494	-3591	-3494	-3538	-3603	//	-3596	-3559	-3483	-3443	-3448	//	-3570	-3385	-3383	-3546	-3542	//	-3541	-3415	-3411	-3391	-3380	//	-3484	-3448	-3631	-3465	-3414	//	-3470	-3408	-3537	-3558	-3393	//	-3622	-3499	-3449	-3472	-3480	//	-3480	

100	100	100	100	100	//	505	558	133	420	394	//	445	574	500	347	594	//	123	-59	59	99	-75	//	838	1126	995	1251	1238	//	-31	60	-59	2	-88	//	388	259	409	404	393	//	436	457	437	432	276	//	-37	32	117	-85	31	//	-23	85	146	36	-18	//	-3486	-3431	-3506	-3596	-3617	//	-3475	-3458	-3634	-3530	-3597	//	-3521	-3570	-3622	-3650	-3380	//	-3626	-3552	-3625	-3384	-3524	//	-3422	-3436	-3537	-3511	-3518	//	-3465	-3625	-3456	-3638	-3473	//	-3505	-3466	-3404	-3486	-3540	//	-3403	-3596	-3383	-3452	-3526	//	-3437	-3519	-3560	-3445	-3384	//	-3398	-3474	-3525	-3417	-3394	//	-3394	

100	100	100	100	100	//	245	420	541	291	522	//	378	400	311	343	429	//	-120	-117	-100	-118	-64	//	852	937	1294	1093	1421	//	54	-69	124	-17	113	//	322	335	461	424	324	//	428	460	279	399	410	//	37	54	85	-119	81	//	-140	-79	53	-116	86	//	-3530	-3634	-3590	-3450	-3375	//	-3498	-3427	-3353	-3502	-3560	//	-3626	-3484	-3375	-3432	-3604	//	-3459	-3650	-3604	-3558	-3543	//	-3372	-3494	-3555	-3552	-3613	//	-3620	-3541	-3590	-3449	-3431	//	-3366	-3413	-3534	-3598	-3417	//	-3579	-3633	-3613	-3443	-3566	//	-3618	-3416	-3461	-3523	-3547	//	-3363	-3462	-3372	-3476	-3439	//	-3439	

100	100	100	100	100	//	177	527	266	143	521	//	576	302	406	723	812	//	81	-45	-41	-143	4	//	848	912	1213	1345	1632	//	-3	29	59	114	65	//	475	411	514	322	299	//	553	301	561	456	320	//	-32	-136	-142	-148	133	//	130	63	-104	-93	62	//	-3411	-3607	-3390	-3513	-3352	//	-3593	-3514	-3390	-3555	-3627	//	-3389	-3451	-3367	-3411	-3458	//	-3633	-3597	-3523	-3566	-3570	//	-3617	-3428	-3572	-3519	-3551	//	-3612	-3476	-3464	-3627	-3391	//	-3579	-3358	-3387	-3622	-3440	//	-3493	-3562	-3417	-3554	-3467	//	-3367	-3549	-3480	-3603	-3595	//	-3510	-3418	-3566	-3581	-3392	//	-3392	



100	100	100	100	100	//	539	268	339	355	275	//	372	372	753	784	749	//	-11	6	-46	51	68	//	1011	1354	1033	1242	1260	//	5	-29	-26	-137	-40	//	406	367	462	390	483	//	471	300	477	499	468	//	-74	20	-23	123	-110	//	27	-128	-128	-7	58	//	-3522	-3471	-3627	-3646	-3617	//	-3521	-3474	-3379	-3407	-3603	//	-3585	-3507	-3495	-3514	-3352	//	-3358	-3504	-3536	-3537	-3564	//	-3368	-3630	-3378	-3440	-3609	//	-3519	-3564	-3504	-3643	-3473	//	-3423	-3503	-3351	-3542	-3434	//	-3438	-3391	-3456	-3424	-3556	//	-3616	-3379	-3458	-3456	-3434	//	-3380	-3472	-3400	-3426	-3522	//	-3522	

100	100	100	100	100	//	433	337	431	149	180	//	626	295	502	551	783	//	-52	-13	88	34	-91	//	1007	1232	1082	1433	1374	//	98	-136	13	6	142	//	432	520	560	355	385	//	564	503	580	623	337	//	-143	63	-150	-37	106	//	106	-137	32	-60	147	//	-3562	-3452	-3462	-3626	-3354	//	-3522	-3590	-3452	-3584	-3446	//	-3535	-3501	-3363	-3396	-3602	//	-3421	-3423	-3568	-3408	-3382	//	-3502	-3650	-3381	-3416	-3419	//	-3385	-3630	-3529	-3528	-3628	//	-3585	-3435	-3379	-3389	-3642	//	-3487	-3595	-3513	-3412	-3487	//	-3455	-3449	-3366	-3469	-3497	//	-3364	-3499	-3494	-3456	-3606	//	-3606	

100	100	100	100	100	//	479	144	315	492	624	//	515	617	778	671	474	//	-137	-18	-67	-54	38	//	1279	1121	1224	1533	1469	//	49	-130	52	0	1	//	647	506	601	472	595	//	593	474	408	520	614	//	-94	-98	-130	82	28	//	-37	-101	108	-83	-77	//	-3639	-3443	-3628	-3634	-3625	//	-3461	-3417	-3550	-3417	-3527	//	-3608	-3479	-3589	-3356	-3575	//	-3616	-3361	-3438	-3621	-3497	//	-3637	-3642	-3369	-3554	-3603	//	-3369	-3394	-3411	-3523	-3522	//	-3464	-3465	-3639	-3492	-3473	//	-3648	-3375	-3409	-3374	-3441	//	-3354	-3569	-3543	-3378	-3401	//	-3467	-3581	-3559	-3387	-3382	//	-3382	

100	100	100	100	100	//	118	352	217	169	514	//	420	259	718	820	528	//	-77	-92	-126	73	111	//	1261	1122	1449	1160	1218	//	102	-48	18	-111	-90	//	537	664	536	595	543	//	538	450	450	551	464	//	88	-37	44	-113	127	//	-97	-98	-100	-12	31	//	-3503	-3513	-3370	-3615	-3629	//	-3534	-3441	-3437	-3450	-3450	//	-3386	-3478	-3467	-3353	-3441	//	-3500	-3521	-3366	-3648	-3544	//	-3647	-3406	-3363	-3607	-3546	//	-3489	-3352	-3555	-3521	-3502	//	-3489	-3446	-3477	-3374	-3396	//	-3642	-3491	-3605	-3411	-3555	//	-3491	-3632	-3498	-3644	-3640	//	-3589	-3456	-3403	-3520	-3507	//	-3507	

100	100	100	100	100	//	448	226	357	530	461	//	275	635	780	560	657	//	-70	8	68	95	-1	//	1079	1059	1227	1175	1593	//	-121	44	101	28	74	//	667	559	609	506	622	//	634	433	698	539	654	//	-31	-54	-130	28	-78	//	-88	-140	-71	-73	-73	//	-3527	-3637	-3489	-3395	-3529	//	-3502	-3580	-3571	-3616	-3380	//	-3426	-3558	-3391	-3608	-3422	//	-3623	-3622	-3531	-3441	-3422	//	-3539	-3404	-3377	-3474	-3619	//	-3372	-3513	-3489	-3365	-3556	//	-3390	-3466	-3468	-3417	-3357	//	-3531	-3573	-3569	-3483	-3449	//	-3625	-3618	-3454	-3476	-3447	//	-3606	-3434	-3425	-3443	-3546	//	-3546	



-64	4	215	-214	-132	//	116	113	121	-127	87	//	42	-59	136	-125	-9	//	-44	132	-125	-149	15	//	-98	147	-123	139	-82	//	-145	-73	-25	48	75	//	662	472	599	636	550	//	456	575	498	576	615	//	-51	42	-84	67	137	//	-109	-99	77	-57	45	//	-3561	-3482	-3568	-3490	-3394	//	-3353	-3581	-3542	-3380	-3515	//	-3388	-3579	-3595	-3527	-3506	//	-3436	-3585	-3459	-3481	-3455	//	-3647	-3359	-3351	-3604	-3649	//	-3581	-3633	-3594	-3434	-3368	//	-3380	-3580	-3455	-3548	-3410	//	-3458	-3609	-3424	-3649	-3583	//	-3566	-3369	-3498	-3457	-3387	//	-3411	-3398	-3539	-3616	-3526	//	-3526	

93	-193	176	63	224	//	90	-76	-32	121	32	//	-96	145	-113	-122	125	//	-56	-123	-120	64	-102	//	-42	80	27	6	-45	//	-12	132	30	-4	112	//	754	526	597	527	648	//	482	490	492	740	582	//	95	-15	67	-143	11	//	131	100	71	-110	121	//	-3506	-3428	-3615	-3354	-3602	//	-3456	-3597	-3489	-3559	-3592	//	-3498	-3365	-3496	-3522	-3434	//	-3619	-3425	-3379	-3439	-3595	//	-3587	-3471	-3410	-3507	-3449	//	-3353	-3597	-3363	-3478	-3541	//	-3393	-3421	-3520	-3589	-3541	//	-3351	-3610	-3461	-3457	-3353	//	-3396	-3578	-3429	-3512	-3489	//	-3374	-3362	-3388	-3606	-3416	//	-3416	

35	-3	-171	-51	83	//	80	49	148	52	12	//	-143	-114	-28	33	99	//	-116	-10	-79	-114	-85	//	104	86	79	125	94	//	-12	-121	120	-110	3	//	558	705	532	590	543	//	580	661	807	658	788	//	-101	-11	84	12	-134	//	146	-16	49	-120	101	//	-3573	-3600	-3403	-3509	-3440	//	-3413	-3589	-3590	-3401	-3398	//	-3434	-3374	-3447	-3645	-3358	//	-3602	-3628	-3386	-3417	-3621	//	-3376	-3429	-3484	-3427	-3445	//	-3628	-3516	-3440	-3560	-3385	//	-3430	-3645	-3489	-3352	-3574	//	-3497	-3372	-3611	-3537	-3364	//	-3613	-3435	-3575	-3407	-3490	//	-3358	-3499	-3574	-3506	-3504	//	-3504	

-141	-233	-143	-91	159	//	-15	-51	90	96	107	//	-93	-148	-15	110	37	//	5	39	-66	9	-122	//	78	-41	53	-79	11	//	-37	139	-53	-127	-29	//	594	678	649	686	621	//	623	602	707	647	588	//	-14	3	-136	-142	33	//	-56	-20	-102	-78	24	//	-3462	-3576	-3571	-3417	-3472	//	-3524	-3447	-3483	-3583	-3526	//	-3577	-3523	-3381	-3455	-3571	//	-3398	-3475	-3398	-3468	-3409	//	-3556	-3465	-3573	-3500	-3409	//	-3434	-3368	-3609	-3561	-3477	//	-3506	-3541	-3447	-3549	-3608	//	-3486	-3485	-3613	-3472	-3592	//	-3469	-3569	-3401	-3396	-3477	//	-3477	-3538	-3587	-3371	-3400	//	-3400	

-305	-263	28	-185	-61	//	-27	-77	-12	-108	-81	//	119	-21	110	-19	69	//	126	-113	1	-125	113	//	92	60	-39	35	-48	//	137	-93	3	-29	-90	//	613	644	614	812	570	//	823	717	793	639	824	//	107	-103	-73	-67	-86	//	102	128	-127	14	-72	//	-3467	-3469	-3378	-3553	-3644	//	-3356	-3568	-3380	-3572	-3563	//	-3623	-3575	-3371	-3533	-3494	//	-3430	-3648	-3420	-3625	-3476	//	-3365	-3369	-3555	-3502	-3398	//	-3537	-3378	-3380	-3547	-3385	//	-3522	-3467	-3642	-3525	-3559	//	-3366	-3485	-3621	-3394	-3396	//	-3569	-3390	-3530	-3353	-3633	//	-3546	-3451	-3649	-3561	-3571	//	-3571	



-328	-47	90	-2	-380	//	-41	147	-39	-108	-102	//	-99	-114	-132	112	8	//	12	89	-136	-118	147	//	69	-78	-53	-10	-30	//	42	99	-60	-110	-96	//	619	840	742	650	877	//	785	828	806	605	786	//	54	20	-38	-28	108	//	56	90	133	-39	-60	//	-3625	-3411	-3486	-3586	-3527	//	-3446	-3393	-3356	-3571	-3475	//	-3540	-3374	-3476	-3618	-3503	//	-3461	-3364	-3505	-3422	-3434	//	-3357	-3502	-3630	-3477	-3603	//	-3366	-3513	-3635	-3584	-3496	//	-3370	-3638	-3559	-3399	-3642	//	-3492	-3410	-3648	-3539	-3375	//	-3596	-3395	-3523	-3498	-3515	//	-3400	-3637	-3408	-3604	-3507	//	-3507	

-8	-77	-388	-222	-110	//	-19	-132	-79	-59	-52	//	77	45	7	-96	-5	//	-3	122	-74	-6	-11	//	108	-115	-43	23	-21	//	-44	-143	9	-27	130	//	711	801	729	787	893	//	861	786	902	741	804	//	106	135	-115	26	19	//	-49	98	141	72	-146	//	-3578	-3494	-3472	-3352	-3452	//	-3465	-3598	-3448	-3625	-3516	//	-3399	-3409	-3394	-3438	-3594	//	-3444	-3480	-3618	-3518	-3613	//	-3419	-3515	-3422	-3433	-3548	//	-3631	-3597	-3482	-3412	-3482	//	-3630	-3583	-3441	-3500	-3427	//	-3449	-3444	-3626	-3447	-3518	//	-3444	-3639	-3384	-3514	-3530	//	-3438	-3464	-3361	-3560	-3619	//	-3619	

-107	-443	-379	-382	-121	//	-90	-138	107	-40	-137	//	35	52	-52	-24	-35	//	132	135	-119	-137	-147	//	145	-52	-57	-78	27	//	72	94	-79	-87	27	//	857	937	743	794	943	//	751	924	703	748	883	//	-9	65	81	141	-114	//	138	136	-139	-56	120	//	-3361	-3524	-3474	-3364	-3506	//	-3401	-3519	-3581	-3464	-3355	//	-3630	-3567	-3435	-3557	-3638	//	-3502	-3404	-3496	-3515	-3584	//	-3505	-3423	-3500	-3417	-3637	//	-3621	-3585	-3615	-3520	-3534	//	-3625	-3502	-3529	-3648	-3479	//	-3609	-3474	-3420	-3625	-3648	//	-3599	-3537	-3486	-3457	-3637	//	-3381	-3386	-3364	-3430	-3397	//	-3397	

-218	-114	-372	-487	-362	//	-147	-93	70	-131	-125	//	-41	133	-128	-31	19	//	139	-120	40	-148	-86	//	99	-66	37	124	21	//	-33	34	71	99	116	//	944	860	907	960	950	//	714	846	806	982	803	//	-53	68	6	-64	-137	//	41	91	-3	-67	-122	//	-3382	-3518	-3552	-3606	-3462	//	-3366	-3629	-3386	-3415	-3650	//	-3380	-3504	-3368	-3448	-3532	//	-3587	-3468	-3580	-3552	-3477	//	-3500	-3457	-3613	-3492	-3532	//	-3647	-3583	-3529	-3483	-3629	//	-3553	-3625	-3446	-3412	-3632	//	-3569	-3562	-3358	-3605	-3565	//	-3462	-3632	-3369	-3641	-3575	//	-3586	-3399	-3643	-3455	-3359	//	-3359	

-404	-108	-550	-403	-295	//	-71	131	146	135	-16	//	94	-133	133	134	72	//	148	79	-25	-68	81	//	-29	-40	65	85	-17	//	-137	-87	-76	-81	-32	//	815	926	782	845	754	//	864	992	735	942	890	//	36	10	-95	55	83	//	37	8	8	90	52	//	-3631	-3464	-3373	-3419	-3474	//	-3468	-3382	-3387	-3444	-3475	//	-3512	-3376	-3540	-3438	-3521	//	-3635	-3494	-3444	-3422	-3630	//	-3437	-3371	-3404	-3356	-3549	//	-3631	-3375	-3497	-3451	-3594	//	-3480	-3486	-3635	-3448	-3408	//	-3526	-3539	-3564	-3644	-3416	//	-3619	-3628	-3397	-3492	-3365	//	-3401	-3497	-3424	-3507	-3569	//	-3569	



604	639	706	773	640	//	539	768	2	12	-148	//	-30	78	30	58	42	//	514	646	780	761	508	//	-93	-6	-32	-141	-102	//	-96	131	-41	-87	145	//	877	863	916	926	902	//	877	761	909	1027	1025	//	64	139	83	-97	38	//	-25	-4	-128	3	-111	//	-3616	-3527	-3632	-3517	-3576	//	-3572	-3483	-3447	-3559	-3621	//	-3576	-3526	-3641	-3469	-3531	//	-3490	-3468	-3549	-3548	-3451	//	-3401	-3536	-3451	-3589	-3439	//	-3591	-3456	-3575	-3620	-3457	//	-3474	-3492	-3622	-3576	-3630	//	-3415	-3412	-3590	-3355	-3353	//	-3535	-3598	-3445	-3608	-3543	//	-3399	-3580	-3594	-3397	-3525	//	-3525	

637	738	582	628	535	//	576	630	46	-88	-114	//	40	-49	122	64	-63	//	548	555	741	797	781	//	-7	113	82	140	-117	//	55	75	105	-115	-102	//	858	898	1049	783	1049	//	841	824	1049	906	840	//	48	56	22	84	149	//	59	71	-111	-150	68	//	-3487	-3438	-3459	-3362	-3394	//	-3498	-3359	-3548	-3581	-3575	//	-3539	-3458	-3412	-3441	-3442	//	-3384	-3594	-3644	-3431	-3617	//	-3452	-3418	-3592	-3637	-3454	//	-3457	-3423	-3518	-3442	-3386	//	-3601	-3352	-3527	-3435	-3510	//	-3373	-3463	-3566	-3488	-3511	//	-3564	-3534	-3425	-3536	-3630	//	-3626	-3612	-3525	-3541	-3472	//	-3472	

632	612	825	583	765	//	601	769	-27	141	120	//	19	-90	20	-66	-113	//	784	641	790	714	675	//	100	74	53	-75	-116	//	-149	-21	76	-146	113	//	1026	1074	1040	1070	819	//	926	1104	1056	825	962	//	23	67	-142	-41	127	//	59	-136	-133	-137	122	//	-3442	-3460	-3625	-3618	-3631	//	-3473	-3452	-3477	-3500	-3426	//	-3564	-3516	-3570	-3541	-3422	//	-3477	-3384	-3552	-3500	-3610	//	-3435	-3480	-3591	-3640	-3559	//	-3504	-3398	-3587	-3622	-3509	//	-3404	-3446	-3545	-3499	-3430	//	-3610	-3564	-3596	-3650	-3556	//	-3637	-3497	-3556	-3369	-3428	//	-3539	-3555	-3526	-3352	-3402	//	-3402	

728	775	820	655	617	//	606	764	-48	-91	10	//	-123	-70	-41	-21	105	//	715	680	611	775	833	//	-87	128	29	129	130	//	31	87	72	35	78	//	1042	976	1094	878	1119	//	919	977	855	1031	1061	//	-98	-112	32	38	-62	//	145	-45	-6	137	58	//	-3372	-3553	-3542	-3649	-3574	//	-3519	-3398	-3553	-3458	-3396	//	-3544	-3459	-3598	-3543	-3405	//	-3491	-3565	-3626	-3352	-3374	//	-3525	-3423	-3488	-3569	-3535	//	-3533	-3540	-3508	-3546	-3601	//	-3558	-3644	-3597	-3523	-3415	//	-3613	-3644	-3406	-3620	-3445	//	-3634	-3598	-3363	-3417	-3434	//	-3531	-3370	-3497	-3355	-3504	//	-3504	

726	760	687	680	781	//	740	707	49	-5	-139	//	-11	-150	3	68	-121	//	784	815	727	709	702	//	-140	128	140	-148	143	//	-132	-45	65	23	-124	//	1141	1009	1104	1094	1068	//	1161	1137	898	914	1110	//	-40	-71	69	50	-143	//	-110	52	-13	-98	67	//	-3395	-3564	-3542	-3551	-3427	//	-3363	-3575	-3385	-3459	-3365	//	-3401	-3396	-3542	-3424	-3565	//	-3647	-3483	-3499	-3572	-3649	//	-3543	-3462	-3411	-3538	-3418	//	-3480	-3557	-3389	-3601	-3381	//	-3371	-3353	-3365	-3492	-3574	//	-3479	-3445	-3642	-3440	-3386	//	-3598	-3601	-3383	-3395	-3502	//	-3533	-3607	-3495	-3464	-3584	//	-3584	



696	852	645	847	712	//	646	738	-113	46	48	//	-139	-136	-145	-102	-30	//	880	896	738	629	713	//	78	148	-26	6	-134	//	9	129	-38	149	107	//	1080	1034	1080	987	990	//	1196	1137	1088	908	1043	//	-23	-29	-144	-125	35	//	26	121	43	-132	7	//	-3562	-3455	-3426	-3403	-3646	//	-3416	-3417	-3528	-3630	-3505	//	-3647	-3439	-3588	-3366	-3582	//	-3409	-3382	-3641	-3620	-3447	//	-3458	-3547	-3569	-3634	-3459	//	-3381	-3502	-3550	-3456	-3390	//	-3616	-3523	-3487	-3508	-3468	//	-3460	-3642	-3360	-3601	-3426	//	-3631	-3519	-3570	-3454	-3594	//	-3372	-3590	-3579	-3630	-3478	//	-3478	

632	916	688	811	773	//	912	666	-104	40	94	//	76	-32	99	15	-108	//	721	894	738	877	791	//	101	-52	13	-36	118	//	7	149	-111	24	75	//	1215	1118	1219	1136	1202	//	936	1186	1183	936	1081	//	-145	-148	-147	108	-69	//	-88	-15	39	-43	142	//	-3442	-3468	-3435	-3498	-3396	//	-3356	-3610	-3525	-3362	-3650	//	-3452	-3615	-3629	-3630	-3549	//	-3644	-3615	-3600	-3509	-3561	//	-3475	-3447	-3589	-3396	-3546	//	-3641	-3438	-3394	-3540	-3629	//	-3488	-3602	-3519	-3394	-3421	//	-3397	-3503	-3608	-3638	-3566	//	-3384	-3474	-3608	-3477	-3392	//	-3414	-3386	-3405	-3567	-3546	//	-3546	

847	811	853	688	641	//	881	749	-67	141	13	//	51	48	36	-36	54	//	799	895	750	882	747	//	62	-85	123	-10	78	//	-62	136	-112	-124	-23	//	1216	1058	1006	1124	1156	//	1174	1137	1076	1040	1059	//	58	-23	-118	-77	-43	//	4	-53	-41	138	56	//	-3542	-3637	-3357	-3559	-3423	//	-3510	-3596	-3617	-3586	-3363	//	-3462	-3421	-3470	-3402	-3524	//	-3588	-3525	-3543	-3610	-3517	//	-3364	-3632	-3481	-3518	-3395	//	-3482	-3558	-3603	-3360	-3583	//	-3579	-3647	-3574	-3614	-3351	//	-3519	-3539	-3461	-3462	-3404	//	-3389	-3459	-3395	-3488	-3568	//	-3440	-3372	-3500	-3440	-3530	//	-3530	

812	881	832	748	662	//	865	768	107	-33	12	//	138	-57	90	56	-4	//	690	725	839	871	806	//	16	64	66	-144	-54	//	0	137	13	-20	-1	//	1093	1053	1123	1071	1134	//	1248	1088	1161	1251	1142	//	-50	-113	29	132	-32	//	30	-133	6	136	-64	//	-3408	-3487	-3414	-3635	-3436	//	-3356	-3452	-3438	-3544	-3486	//	-3477	-3634	-3542	-3512	-3597	//	-3622	-3389	-3542	-3484	-3455	//	-3436	-3590	-3383	-3416	-3551	//	-3377	-3485	-3623	-3425	-3640	//	-3644	-3429	-3385	-3415	-3354	//	-3637	-3353	-3452	-3485	-3380	//	-3585	-3536	-3615	-3649	-3504	//	-3434	-3554	-3455	-3466	-3480	//	-3480	

691	972	872	832	836	//	812	883	44	-98	103	//	-10	-40	99	71	-45	//	956	928	724	732	845	//	-39	-71	-148	-129	21	//	143	-78	-133	-144	32	//	1179	1091	1076	1237	1142	//	1084	1177	1229	1260	1171	//	-68	149	77	-21	-94	//	66	-147	36	-104	27	//	-3447	-3641	-3478	-3561	-3351	//	-3447	-3609	-3482	-3585	-3463	//	-3369	-3425	-3596	-3424	-3414	//	-3477	-3425	-3391	-3545	-3570	//	-3595	-3602	-3443	-3500	-3535	//	-3427	-3633	-3580	-3558	-3561	//	-3467	-3601	-3618	-3384	-3609	//	-3626	-3398	-3608	-3363	-3379	//	-3611	-3534	-3432	-3569	-3597	//	-3505	-3580	-3643	-3351	-3479	//	-3479	



-45	22	49	-127	-118	//	-119	-32	-128	137	-144	//	-29	-87	-27	-143	72	//	22	116	58	74	-137	//	8	-119	128	-70	40	//	40	-53	-27	-91	-30	//	-64	80	86	37	-23	//	36	62	-30	2	91	//	-15	-2	104	-35	-146	//	-76	-15	70	-35	10	//	-2013	-2018	-1949	-1903	-1934	//	-2044	-1898	-1892	-2148	-1959	//	-2001	-2060	-1937	-1898	-2018	//	-1948	-2029	-1946	-1877	-2122	//	-3618	-3635	-3383	-3366	-3459	//	-3622	-3542	-3569	-3595	-3600	//	-3607	-3556	-3603	-3496	-3523	//	-3507	-3419	-3546	-3537	-3379	//	-3626	-3484	-3615	-3446	-3479	//	-3645	-3574	-3550	-3363	-3575	//	-3575	

-114	-140	-104	-28	-113	//	13	19	70	-141	9	//	107	30	143	-3	23	//	-122	40	13	118	93	//	-143	86	137	-109	68	//	109	13	-23	-113	43	//	-55	8	88	75	-106	//	26	-93	57	1	-88	//	-141	44	-92	-109	144	//	-45	21	-106	12	-94	//	-2061	-2098	-1982	-2068	-2136	//	-2082	-2099	-1947	-1991	-1930	//	-1962	-1890	-2130	-1860	-2016	//	-2083	-1910	-2065	-1999	-2138	//	-3449	-3539	-3487	-3391	-3365	//	-3354	-3527	-3542	-3539	-3382	//	-3457	-3556	-3519	-3361	-3423	//	-3435	-3474	-3427	-3566	-3597	//	-3356	-3629	-3550	-3609	-3598	//	-3409	-3454	-3494	-3479	-3597	//	-3597	

48	20	21	98	-32	//	112	96	147	-41	145	//	88	103	126	-23	-42	//	-109	62	8	-73	7	//	24	-46	87	65	21	//	48	-70	-54	-41	-41	//	4	109	-8	-76	-61	//	37	-26	11	-140	137	//	-6	-1	-30	94	120	//	-79	114	-88	-85	92	//	-1901	-1963	-2121	-1984	-1857	//	-2139	-1921	-1974	-2078	-2064	//	-1865	-2025	-2127	-1959	-2034	//	-2137	-1947	-1866	-2054	-1873	//	-3625	-3387	-3523	-3601	-3487	//	-3358	-3425	-3589	-3525	-3499	//	-3504	-3377	-3487	-3412	-3570	//	-3448	-3585	-3525	-3395	-3580	//	-3388	-3441	-3405	-3592	-3547	//	-3531	-3378	-3622	-3469	-3451	//	-3451	

2	56	38	-103	95	//	-55	-87	41	-134	61	//	-23	-148	-133	13	-48	//	94	-33	-140	141	-2	//	-148	12	-65	25	30	//	-141	-44	84	-121	-111	//	-148	34	78	-16	37	//	13	50	-114	81	-105	//	101	-70	-91	-144	-87	//	-74	-125	78	79	120	//	-2072	-1895	-2111	-2002	-1901	//	-1945	-1968	-1932	-2111	-1956	//	-1852	-1997	-2109	-1973	-1991	//	-1987	-2139	-1865	-1887	-1862	//	-3535	-3646	-3374	-3601	-3515	//	-3603	-3376	-3523	-3438	-3480	//	-3363	-3637	-3485	-3607	-3408	//	-3548	-3401	-3645	-3411	-3466	//	-3388	-3505	-3639	-3624	-3556	//	-3585	-3629	-3491	-3411	-3390	//	-3390	

-129	27	-41	-47	-115	//	-23	111	-15	113	-53	//	67	89	64	120	-21	//	85	10	-108	-66	-12	//	23	132	30	125	48	//	41	80	110	63	147	//	-65	78	139	-81	-10	//	88	-40	-64	78	118	//	15	-36	24	111	64	//	-26	147	-148	-59	143	//	-2069	-1986	-1923	-2002	-1977	//	-1935	-2014	-1851	-1882	-2096	//	-2073	-1967	-1918	-1852	-1899	//	-1997	-1889	-1962	-1913	-2030	//	-3420	-3437	-3495	-3353	-3482	//	-3367	-3449	-3585	-3572	-3622	//	-3408	-3427	-3523	-3392	-3514	//	-3596	-3590	-3356	-3408	-3503	//	-3427	-3558	-3426	-3415	-3525	//	-3374	-3576	-3587	-3408	-3524	//	-3524	



113	48	-82	103	80	//	-46	-109	-72	-39	-49	//	-5	-11	65	53	53	//	16	49	137	110	-118	//	1443	1274	1349	1384	1235	//	1450	1391	1391	1458	1487	//	85	71	23	26	45	//	-6	-85	138	58	-49	//	97	88	91	66	-56	//	73	-44	89	147	3	//	-1932	-2074	-2001	-1911	-1908	//	-2077	-1952	-2129	-2144	-1936	//	-1943	-1873	-2057	-2148	-1958	//	-2031	-2043	-1865	-2038	-1929	//	-2327	-2421	-2254	-2550	-2302	//	-2361	-2393	-2368	-4633	-4535	//	-4649	-4633	-4471	-4477	-4460	//	-4366	-4526	-4425	-4596	-2332	//	-2430	-2373	-2363	-2537	-2272	//	-2425	-2371	-2351	-2512	-2273	//	-2273	

100	-18	-134	58	51	//	119	87	-18	108	-89	//	-150	111	-38	39	-7	//	-140	125	130	42	-136	//	1510	1409	1259	1362	1456	//	1335	1378	1407	1412	1354	//	55	-148	118	130	61	//	123	37	55	67	149	//	80	74	53	16	23	//	-138	-128	-74	-83	-68	//	-2128	-1991	-2043	-2036	-1947	//	-2002	-1981	-1857	-1915	-1922	//	-2063	-2057	-2145	-2111	-1874	//	-2074	-1967	-1854	-1876	-2034	//	-2529	-2417	-2526	-2397	-2255	//	-2288	-2258	-2375	-4649	-4567	//	-4601	-4498	-4578	-4416	-4480	//	-4630	-4352	-4427	-4599	-2311	//	-2454	-2333	-2450	-2404	-2319	//	-2545	-2359	-2529	-2542	-2421	//	-2421	

-92	17	-21	-73	-148	//	29	-115	81	-137	95	//	-141	-32	-62	-70	59	//	-100	-141	68	-148	-2	//	1423	1421	1384	1291	1417	//	1547	1470	1531	1314	1538	//	-121	-114	-119	-132	-114	//	87	-138	93	125	141	//	140	-113	-42	42	74	//	-100	134	115	-10	-120	//	-2075	-1919	-2064	-2013	-2130	//	-2137	-1913	-1958	-1870	-2031	//	-1978	-2103	-2129	-2024	-1887	//	-1888	-1947	-1909	-1924	-2148	//	-2327	-2279	-2443	-2533	-2314	//	-2463	-2432	-2549	-4458	-4502	//	-4542	-4398	-4624	-4568	-4502	//	-4511	-4424	-4502	-4637	-2397	//	-2313	-2396	-2340	-2380	-2502	//	-2462	-2528	-2512	-2522	-2378	//	-2378	

145	68	-119	58	139	//	-97	17	87	50	-131	//	-112	29	-47	-138	139	//	90	89	-71	-117	132	//	1325	1485	1338	1468	1577	//	1515	1486	1586	1466	1410	//	76	-83	-33	147	-116	//	82	-41	-84	61	16	//	95	-16	-143	-52	-5	//	-126	-54	-58	-117	50	//	-1858	-2122	-2026	-2090	-2131	//	-1899	-1883	-1893	-1977	-1904	//	-2135	-2023	-1877	-2083	-1916	//	-2040	-2029	-1962	-2070	-1954	//	-2320	-2278	-2338	-2425	-2399	//	-2407	-2312	-2297	-4445	-4418	//	-4485	-4354	-4589	-4590	-4381	//	-4486	-4635	-4609	-4463	-2451	//	-2473	-2340	-2413	-2458	-2488	//	-2398	-2342	-2380	-2347	-2264	//	-2264	

-75	124	28	-12	41	//	-100	24	-62	79	13	//	-100	72	80	-66	116	//	122	40	65	-97	62	//	1593	1616	1566	1603	1485	//	1332	1542	1562	1604	1347	//	131	-38	-44	15	146	//	145	142	115	-56	63	//	-53	-140	60	88	-120	//	146	-34	-31	70	99	//	-2077	-1883	-1885	-2085	-2058	//	-1955	-1962	-1959	-1921	-2148	//	-2118	-2049	-1862	-1886	-1950	//	-2067	-2114	-2077	-1924	-1985	//	-2449	-2275	-2315	-2264	-2482	//	-2328	-2349	-2382	-4608	-4453	//	-4508	-4419	-4569	-4647	-4413	//	-4595	-4438	-4454	-4643	-2537	//	-2291	-2377	-2414	-2492	-2396	//	-2369	-2487	-2370	-2401	-2512	//	-2512	



120	100	63	88	-97	//	-124	81	-125	102	124	//	-29	4	83	-36	-52	//	105	25	-147	-61	138	//	1397	1353	1404	1649	1517	//	1368	1442	1354	1355	1648	//	-6	-110	12	84	-62	//	-96	-121	104	122	62	//	53	-75	-33	40	80	//	-132	-96	9	-141	-54	//	-1855	-1953	-2073	-2047	-2106	//	-2139	-2009	-2085	-2125	-2023	//	-1871	-1960	-2124	-2077	-1869	//	-1867	-1942	-2003	-2061	-2113	//	-2441	-2253	-2361	-2286	-2391	//	-2324	-2464	-2377	-4500	-4500	//	-4500	-4500	-4500	-4500	-4500	//	-4500	-4500	-4500	-4500	-2385	//	-2382	-2537	-2544	-2477	-2303	//	-2541	-2482	-2410	-2514	-2447	//	-2447	

-65	126	115	-5	12	//	-13	17	51	10	-79	//	-136	-52	-88	112	42	//	-88	-97	147	-6	-16	//	1449	1527	1578	1580	1649	//	1585	1505	1621	1410	1556	//	-35	110	-70	-4	141	//	-79	75	-73	95	-34	//	39	-83	54	-5	-143	//	-7	122	-67	63	-61	//	-2078	-2032	-2133	-2016	-2024	//	-2022	-2047	-1958	-2124	-2118	//	-2112	-2016	-1876	-2007	-1930	//	-1854	-2060	-2037	-1877	-2001	//	-2388	-2472	-2314	-2468	-2398	//	-2294	-2352	-2544	-4600	-4600	//	-4600	-4600	-4600	-4600	-4600	//	-4600	-4600	-4600	-4600	-2276	//	-2337	-2351	-2525	-2402	-2540	//	-2265	-2455	-2469	-2363	-2516	//	-2516	

-96	-23	95	68	-98	//	-50	19	-76	125	70	//	67	130	33	143	53	//	70	94	-105	-117	-32	//	1436	1533	1681	1596	1445	//	1417	1631	1549	1420	1595	//	-120	-88	-67	-79	-92	//	-22	-31	133	-117	102	//	-43	-118	-136	-98	95	//	-107	86	-47	98	-129	//	-2115	-1939	-1997	-1942	-2017	//	-2142	-1917	-1858	-2142	-1937	//	-1942	-1915	-2037	-2077	-1995	//	-1857	-2104	-1929	-2129	-1962	//	-2397	-2291	-2449	-2284	-2264	//	-2477	-2439	-2295	-4700	-4700	//	-4700	-4700	-4700	-4700	-4700	//	-4700	-4700	-4700	-4700	-2521	//	-2276	-2330	-2476	-2499	-2526	//	-2467	-2310	-2276	-2427	-2460	//	-2460	

-104	-75	-87	47	-47	//	-102	13	-4	50	56	//	96	128	82	67	35	//	35	-25	68	-90	29	//	1700	1590	1677	1672	1586	//	1598	1583	1628	1594	1563	//	50	37	-113	114	-112	//	29	93	79	-100	-28	//	-66	-51	141	46	-116	//	96	-50	-131	-144	46	//	-1908	-1906	-2077	-2100	-1980	//	-1935	-2049	-1888	-2145	-1959	//	-1966	-1946	-2054	-1955	-1897	//	-1966	-2069	-2046	-1936	-1941	//	-2459	-2500	-2326	-2352	-2524	//	-2548	-2278	-2383	-4800	-4800	//	-4800	-4800	-4800	-4800	-4800	//	-4800	-4800	-4800	-4800	-2430	//	-2532	-2302	-2467	-2329	-2481	//	-2547	-2379	-2257	-2260	-2316	//	-2316	

149	129	-132	-11	13	//	118	-99	-65	73	-132	//	37	-109	-37	96	-107	//	-18	-41	123	-45	-85	//	1500	1567	1513	1488	1651	//	1477	1476	1759	1634	1668	//	-35	60	11	3	2	//	-129	-36	-47	-57	-81	//	-107	139	10	137	-26	//	-83	-86	144	79	-64	//	-2138	-2121	-1934	-1923	-2126	//	-2106	-2110	-2125	-2085	-1892	//	-1948	-2144	-1915	-2092	-1938	//	-1864	-2060	-2025	-2144	-1925	//	-2300	-2550	-2292	-2368	-2536	//	-2281	-2391	-2330	-4900	-4900	//	-4900	-4900	-4900	-4900	-4900	//	-4900	-4900	-4900	-4900	-2395	//	-2435	-2264	-2471	-2362	-2491	//	-2508	-2296	-2521	-2312	-2432	//	-2432	



-65	-136	78	107	0	//	1	-95	78	-109	45	//	54	116	-50	38	113	//	-53	7	-109	-140	96	//	38	-148	-148	-97	47	//	-35	31	-45	66	72	//	114	-90	37	-77	-8	//	-36	-23	102	-12	38	//	-3	-11	-52	-119	123	//	-39	-75	-40	48	-36	//	-2013	-2066	-1977	-1898	-1855	//	-1999	-1885	-2027	-1970	-2061	//	-1852	-1884	-1972	-1934	-1966	//	-1963	-2018	-1880	-2003	-2083	//	-2464	-2540	-2527	-2255	-2474	//	-2411	-2498	-2288	-5000	-5000	//	-5000	-5000	-5000	-5000	-5000	//	-5000	-5000	-5000	-5000	-2265	//	-2275	-2496	-2412	-2315	-2464	//	-2358	-2385	-2333	-2489	-2321	//	-2321	

17	-94	-136	56	-116	//	118	-130	48	-93	80	//	100	21	114	64	-13	//	66	76	-50	117	69	//	34	66	8	-62	-104	//	70	-59	-141	-79	-69	//	-70	-129	58	6	-74	//	-122	116	-57	-29	124	//	-94	51	-137	-135	107	//	63	91	41	-18	-19	//	-2147	-2055	-2083	-2062	-2108	//	-1969	-1926	-1912	-1972	-1852	//	-2058	-2137	-1955	-1921	-1995	//	-1879	-2061	-1926	-1878	-2149	//	-2382	-2518	-2317	-2385	-2399	//	-2356	-2344	-2468	-5100	-5100	//	-5100	-5100	-5100	-5100	-5100	//	-5100	-5100	-5100	-5100	-2348	//	-2511	-2447	-2497	-2467	-2364	//	-2264	-2501	-2542	-2367	-2252	//	-2252	

-134	120	120	-52	-36	//	106	135	50	111	62	//	-13	-96	-36	119	-36	//	-118	-99	-2	113	-90	//	70	-35	41	16	111	//	14	-99	-48	-89	141	//	-80	-86	-21	73	-116	//	41	70	-52	-75	60	//	-137	32	103	-67	-140	//	12	111	34	-134	-44	//	-1951	-1930	-2039	-1899	-2146	//	-1981	-1932	-1886	-2092	-1899	//	-2018	-2011	-2027	-2013	-2020	//	-2042	-2088	-2033	-2126	-1900	//	-2472	-2339	-2541	-2538	-2416	//	-2483	-2337	-2312	-5200	-5200	//	-5200	-5200	-5200	-5200	-5200	//	-5200	-5200	-5200	-5200	-2339	//	-2301	-2546	-2445	-2280	-2446	//	-2301	-2297	-2466	-2371	-2306	//	-2306	

53	32	64	-13	126	//	-84	-2	140	108	-128	//	62	-113	-148	18	4	//	-21	39	-74	26	149	//	133	148	-55	58	-29	//	-124	9	-13	41	110	//	5	-135	-61	-3	-37	//	-3	15	-123	-109	-31	//	90	127	29	-12	-34	//	-22	-128	-84	45	124	//	-1931	-2149	-2038	-2125	-2140	//	-1993	-1954	-1991	-2036	-2109	//	-2128	-1988	-1957	-2071	-1895	//	-2082	-1856	-1922	-1929	-1913	//	-2350	-2355	-2252	-2393	-2330	//	-2322	-2440	-2264	-5300	-5300	//	-5300	-5300	-5300	-5300	-5300	//	-5300	-5300	-5300	-5300	-2487	//	-2358	-2303	-2348	-2425	-2424	//	-2361	-2294	-2317	-2469	-2345	//	-2345	

37	-52	-81	-99	-114	//	71	-82	-5	49	-37	//	53	67	39	46	-23	//	43	131	62	93	149	//	-88	36	38	96	118	//	-2	82	75	32	32	//	25	136	-116	112	-143	//	136	-150	81	26	45	//	129	97	-35	0	-41	//	-7	-138	-52	88	-40	//	-2073	-2066	-1916	-1869	-2120	//	-1919	-2109	-1902	-2005	-1951	//	-2011	-1860	-2009	-2036	-1866	//	-1856	-2146	-1990	-2107	-1986	//	-2324	-2435	-2510	-2302	-2328	//	-2461	-2522	-2437	-5400	-5400	//	-5400	-5400	-5400	-5400	-5400	//	-5400	-5400	-5400	-5400	-2453	//	-2521	-2328	-2410	-2299	-2544	//	-2281	-2394	-2334	-2406	-2309	//	-2309	



107	132	-114	-25	131	//	-124	-64	-73	-92	35	//	91	-97	109	90	-137	//	-13	34	85	-143	-108	//	-24	-141	49	2	28	//	83	-7	111	36	103	//	-46	-91	136	44	72	//	62	19	55	116	-2	//	240	51	102	-21	199	//	-1	84	136	203	-37	//	-2009	-1880	-2119	-1964	-1971	//	-2001	-1894	-2006	-1885	-1905	//	-2089	-2086	-2092	-2127	-1907	//	-2129	-2050	-1949	-2072	-1928	//	-2507	-2438	-2487	-2540	-2375	//	-2431	-2367	-2324	-5500	-5500	//	-5500	-5500	-5500	-5500	-5500	//	-5500	-5500	-5500	-5500	-2355	//	-2311	-2532	-2252	-2432	-2372	//	-2484	-2271	-2363	-2347	-2348	//	-2348	

-73	-85	126	120	-25	//	98	-10	-9	-82	-23	//	142	53	-108	74	-79	//	88	65	-136	35	-23	//	-113	43	82	100	85	//	94	-78	83	54	28	//	-50	-2	105	-30	-109	//	-8	68	-13	-110	-103	//	168	89	194	105	123	//	75	124	271	236	71	//	-2047	-2132	-2131	-2009	-2107	//	-2088	-1957	-1858	-1896	-1991	//	-1958	-2058	-2131	-2123	-1971	//	-1926	-1854	-2051	-2133	-1957	//	-2290	-2509	-2532	-2460	-2276	//	-2527	-2406	-2282	-5600	-5600	//	-5600	-5600	-5600	-5600	-5600	//	-5600	-5600	-5600	-5600	-2427	//	-2457	-2369	-2369	-2344	-2328	//	-2326	-2455	-2543	-2392	-2526	//	-2526	

-57	118	-99	109	-95	//	-129	148	-134	99	92	//	-132	-72	41	76	52	//	-136	17	-106	58	-131	//	572	606	520	500	460	//	637	584	-131	118	144	//	95	71	-6	-29	71	//	-82	-91	34	79	125	//	25	81	75	88	179	//	75	279	256	10	264	//	-2081	-1897	-2144	-2055	-1925	//	-2127	-1988	-1880	-1898	-1962	//	-2059	-1968	-1977	-1856	-1991	//	-2038	-1952	-2102	-2026	-1991	//	-2469	-2275	-2497	-2519	-2510	//	-2532	-2396	-2521	-5700	-5700	//	-5700	-5700	-5700	-5700	-5700	//	-5700	-5700	-5700	-5700	-2446	//	-2336	-2363	-2441	-2276	-2368	//	-2296	-2549	-2380	-2356	-2499	//	-2499	

-143	83	-71	149	33	//	-55	-60	-116	-144	66	//	-113	-96	10	-141	52	//	-97	115	78	5	134	//	563	608	489	573	565	//	604	540	52	125	147	//	117	63	-143	57	95	//	143	-26	-39	81	-37	//	198	111	204	215	103	//	218	256	191	243	162	//	-2084	-2014	-1995	-2085	-1879	//	-1945	-2140	-1885	-2009	-1883	//	-1960	-2137	-1917	-2027	-1862	//	-2123	-2125	-1957	-2007	-1852	//	-2291	-2488	-2354	-2459	-2441	//	-2461	-2279	-2440	-5800	-5800	//	-5800	-5800	-5800	-5800	-5800	//	-5800	-5800	-5800	-5800	-2447	//	-2382	-2304	-2454	-2468	-2316	//	-2471	-2354	-2262	-2480	-2508	//	-2508	

-129	84	44	27	137	//	-128	99	130	-56	94	//	-113	-4	105	-109	36	//	30	33	142	-135	-56	//	505	590	621	632	638	//	496	583	5	66	13	//	126	21	37	-87	-70	//	115	1	-14	-90	118	//	213	297	279	318	104	//	319	95	318	70	280	//	-1872	-1979	-2028	-1964	-2007	//	-2070	-1916	-2055	-1960	-1898	//	-1990	-1912	-2150	-1913	-2026	//	-1989	-1960	-2007	-1878	-1853	//	-2254	-2456	-2373	-2372	-2480	//	-2517	-2524	-2472	-5900	-5900	//	-5900	-5900	-5900	-5900	-5900	//	-5900	-5900	-5900	-5900	-2408	//	-2346	-2382	-2431	-2503	-2252	//	-2519	-2534	-2414	-2485	-2536	//	-2536	



147	56	-73	139	147	//	-6	-34	-16	-112	106	//	-93	113	-41	-74	-1	//	99	-132	31	-43	13	//	583	785	629	717	596	//	523	686	-38	81	-125	//	108	80	-61	6	-116	//	36	27	-124	107	82	//	261	232	147	356	263	//	331	121	238	194	139	//	-1981	-1902	-1940	-1961	-2125	//	-2106	-2111	-1898	-1852	-2107	//	-2127	-2063	-1939	-2072	-2065	//	-2094	-2118	-1967	-1944	-1916	//	-2444	-2353	-2460	-2302	-2502	//	-2369	-2358	-2496	-6000	-6000	//	-6000	-6000	-6000	-6000	-6000	//	-6000	-6000	-6000	-6000	-2493	//	-2345	-2343	-2381	-2424	-2412	//	-2403	-2549	-2368	-2432	-2511	//	-2511	

-80	109	108	-72	117	//	74	-115	-94	95	-71	//	-134	-145	121	-84	114	//	-30	17	125	-86	105	//	769	674	801	736	616	//	731	617	-147	-149	127	//	-77	-33	111	71	-40	//	6	-27	73	-81	101	//	371	326	188	180	277	//	320	403	185	359	147	//	-2145	-2083	-1938	-1971	-2010	//	-2052	-2039	-1976	-2135	-1860	//	-1877	-2102	-2061	-1915	-1887	//	-1957	-1927	-1903	-2090	-2012	//	-2422	-2548	-2425	-2492	-2533	//	-2507	-2485	-2417	-6100	-6100	//	-6100	-6100	-6100	-6100	-6100	//	-6100	-6100	-6100	-6100	-2266	//	-2383	-2395	-2533	-2447	-2449	//	-2315	-2536	-2299	-2424	-2312	//	-2312	

18	61	-24	-27	54	//	-40	-59	77	-12	94	//	-72	-79	0	-144	-81	//	10	-148	104	-12	37	//	-20	74	-94	-41	89	//	64	-102	-121	-20	3	//	-45	108	90	-94	3	//	142	-57	-134	143	-111	//	192	455	196	378	187	//	322	403	325	168	179	//	-2077	-1942	-2066	-2004	-2059	//	-2036	-1995	-1960	-1905	-1875	//	-1900	-1921	-1908	-1954	-1884	//	-1922	-2058	-1996	-2009	-1861	//	-2458	-2340	-2291	-2390	-2531	//	-2355	-2407	-2285	-6200	-6200	//	-6200	-6200	-6200	-6200	-6200	//	-6200	-6200	-6200	-6200	-2439	//	-2265	-2294	-2349	-2351	-2361	//	-2461	-2379	-2300	-2286	-2313	//	-2313	

-105	188	-32	141	-58	//	-69	-104	-4	135	-12	//	-37	-96	20	115	79	//	-29	-93	84	-94	-16	//	-7	-67	142	-26	25	//	7	144	-11	-45	146	//	98	-41	-115	84	54	//	-34	41	84	110	86	//	448	326	259	393	211	//	349	306	208	371	449	//	-1963	-2146	-1924	-1868	-2145	//	-1871	-2002	-1966	-2041	-2042	//	-2141	-2033	-1944	-2030	-1923	//	-2115	-1953	-1856	-2074	-2000	//	-2283	-2491	-2407	-2368	-2471	//	-2437	-2295	-2345	-6300	-6300	//	-6300	-6300	-6300	-6300	-6300	//	-6300	-6300	-6300	-6300	-2415	//	-2529	-2307	-2426	-2547	-2520	//	-2297	-2374	-2410	-2348	-2382	//	-2382	

18	160	112	208	67	//	49	-41	78	77	-13	//	-38	-23	-44	132	-100	//	-104	14	-47	-18	-109	//	-41	109	-66	12	-46	//	8	-99	-113	-74	-94	//	131	-125	-112	-101	73	//	-15	141	48	132	4	//	379	470	419	448	352	//	292	509	276	470	300	//	-2137	-2058	-2060	-2119	-1983	//	-1963	-2085	-2076	-1891	-1953	//	-1998	-1945	-1856	-1891	-2049	//	-2120	-2142	-2022	-1969	-1943	//	-2300	-2427	-2507	-2383	-2257	//	-2412	-2386	-2528	-6400	-6400	//	-6400	-6400	-6400	-6400	-6400	//	-6400	-6400	-6400	-6400	-2331	//	-2260	-2361	-2439	-2510	-2430	//	-2522	-2307	-2443	-2447	-2358	//	-2358	



82	60	120	122	-142	//	71	26	34	-24	87	//	-145	109	107	115	34	//	116	-74	90	54	-89	//	787	905	851	650	666	//	864	799	148	146	121	//	66	-98	-114	-20	-72	//	111	93	-41	116	-137	//	134	25	-147	86	-98	//	41	104	-34	-57	7	//	-1879	-1971	-1931	-2022	-1878	//	-2014	-2018	-2053	-1932	-1868	//	-2131	-2077	-2093	-1855	-2116	//	-2072	-1989	-2149	-2097	-2145	//	-2378	-2355	-2516	-2328	-2339	//	-2283	-2288	-2436	-6500	-6500	//	-6500	-6500	-6500	-6500	-6500	//	-6500	-6500	-6500	-6500	-2515	//	-2429	-2478	-2260	-2388	-2541	//	-2547	-2303	-2299	-2337	-2285	//	-2285	

-24	72	138	146	-129	//	72	20	-116	41	60	//	59	-80	128	113	-103	//	124	72	45	55	-32	//	808	959	680	870	846	//	762	725	5	51	-54	//	123	38	-90	-25	-36	//	11	-101	-86	-103	-63	//	-84	34	-78	-91	-127	//	-107	-12	41	-32	51	//	-1955	-1931	-2013	-2002	-1959	//	-1975	-1975	-2120	-2136	-2092	//	-1924	-2123	-2140	-1953	-1899	//	-1970	-2042	-1939	-1950	-1984	//	-2479	-2428	-2544	-2413	-2368	//	-2471	-2286	-2299	-6600	-6600	//	-6600	-6600	-6600	-6600	-6600	//	-6600	-6600	-6600	-6600	-2484	//	-2428	-2358	-2520	-2501	-2400	//	-2472	-2296	-2503	-2406	-2479	//	-2479	

141	-131	-114	-19	-45	//	19	-86	89	-22	19	//	-50	-11	25	126	112	//	96	-112	-69	100	-14	//	816	921	785	900	859	//	753	843	-15	116	-64	//	122	-95	-10	120	139	//	-44	67	110	-81	-148	//	-137	-126	106	-125	-140	//	-40	-67	123	128	98	//	-1933	-2035	-2056	-2056	-1993	//	-2111	-1980	-2022	-2043	-2142	//	-2072	-2102	-1969	-1913	-2049	//	-1926	-2040	-2076	-2061	-2062	//	-2284	-2460	-2378	-2319	-2454	//	-2261	-2431	-2340	-6700	-6700	//	-6700	-6700	-6700	-6700	-6700	//	-6700	-6700	-6700	-6700	-2311	//	-2370	-2399	-2311	-2337	-2389	//	-2505	-2527	-2449	-2263	-2317	//	-2317	

103	-71	147	-5	-54	//	6	-27	-37	-100	-127	//	54	-29	146	55	114	//	21	-24	-56	55	-1	//	769	997	929	944	968	//	750	1035	98	149	-7	//	117	-28	29	-50	23	//	-102	84	-127	-71	11	//	-49	141	-30	-142	95	//	114	32	28	-60	-15	//	-2017	-1876	-2018	-1988	-1921	//	-1881	-2087	-2101	-1945	-2057	//	-2141	-1990	-1855	-1939	-2010	//	-2059	-2138	-1873	-1879	-2092	//	-2481	-2334	-2308	-2255	-2453	//	-2429	-2261	-2260	-6800	-6800	//	-6800	-6800	-6800	-6800	-6800	//	-6800	-6800	-6800	-6800	-2508	//	-2375	-2346	-2464	-2301	-2447	//	-2278	-2463	-2306	-2480	-2309	//	-2309	

75	116	-141	127	-66	//	29	-59	129	-139	55	//	42	-48	65	-87	-17	//	64	48	148	-59	16	//	791	866	1009	976	940	//	853	1051	124	78	63	//	-34	91	-106	142	116	//	132	99	-65	-36	-150	//	-7	-114	92	-112	-139	//	83	-33	-29	-28	-134	//	-2088	-2123	-1938	-1917	-2130	//	-1888	-2120	-2120	-1858	-1948	//	-2105	-1905	-1992	-1911	-2025	//	-2102	-1877	-2067	-2133	-2067	//	-6871	-7127	-7055	-6859	-7004	//	-6961	-7090	-6880	-7114	-7030	//	-6885	-6902	-7056	-6942	-6877	//	-7067	-6855	-6917	-6926	-7128	//	-6890	-7062	-7052	-7009	-6872	//	-7074	-7007	-7096	-7124	-7071	//	-7071	



124	61	-106	-117	-134	//	-85	-40	126	5	121	//	-4	-141	-7	-31	-95	//	-76	-116	-54	96	-132	//	1021	813	895	953	823	//	962	856	8	-121	123	//	-5	-124	-145	-28	20	//	44	-139	-124	-12	-57	//	126	-126	-51	-34	-146	//	68	86	79	-65	17	//	-1938	-2091	-2029	-1966	-1987	//	-2081	-1957	-2144	-1900	-2063	//	-1963	-1883	-2089	-1867	-2083	//	-1960	-1910	-2080	-2020	-2136	//	-7005	-6914	-6896	-6990	-7011	//	-7063	-7055	-7045	-6889	-7026	//	-6923	-7030	-6897	-7135	-6971	//	-6902	-6930	-7052	-6991	-6917	//	-6920	-7087	-6890	-7059	-6865	//	-7069	-7056	-7143	-7001	-6887	//	-6887	

124	-112	140	136	-21	//	0	92	141	38	-81	//	-43	-102	-29	-55	101	//	137	101	-94	-141	-137	//	913	895	1041	966	889	//	866	1009	104	-96	-107	//	-50	49	144	120	-35	//	76	-77	32	147	140	//	110	-81	-145	-69	73	//	108	34	56	-65	102	//	-2065	-1943	-2101	-1870	-1934	//	-2068	-2032	-2039	-1920	-1974	//	-2015	-1916	-2045	-2138	-1904	//	-2020	-1980	-1860	-1856	-1998	//	-7086	-6855	-7054	-7008	-7113	//	-6994	-7014	-7098	-7030	-6925	//	-7041	-7114	-6852	-7005	-6899	//	-6966	-6992	-7117	-7057	-6941	//	-6853	-6951	-6995	-6904	-7066	//	-6916	-7133	-6911	-7111	-6854	//	-6854	

145	43	-32	-142	-56	//	-55	-66	90	-126	109	//	-144	142	141	125	98	//	29	-147	5	-61	15	//	22	-14	-39	66	117	//	-88	-37	4	-24	-141	//	72	-100	96	-51	22	//	14	-115	-27	76	137	//	-135	7	-113	79	73	//	122	-149	-145	148	10	//	-1862	-2007	-2027	-2145	-2041	//	-2068	-1867	-2094	-2087	-2088	//	-2067	-2106	-2010	-2031	-1878	//	-2107	-1869	-2129	-2047	-1956	//	-6954	-7094	-7103	-7106	-7081	//	-6954	-7112	-6947	-6922	-6935	//	-6977	-6925	-7067	-7047	-7136	//	-6987	-6896	-6889	-6971	-6914	//	-6985	-6994	-7095	-6921	-7074	//	-6908	-6942	-7069	-7028	-7030	//	-7030	

40	69	41	117	89	//	-20	80	108	46	24	//	46	-53	8	-10	-96	//	58	15	138	-8	0	//	141	102	-132	-109	26	//	90	-118	-83	-8	15	//	9	-26	-58	-19	107	//	101	-12	-56	-80	-65	//	85	-48	-2	-99	57	//	-9	-120	6	11	139	//	-2091	-2127	-1907	-1997	-2139	//	-1930	-2136	-2009	-1942	-2086	//	-1909	-1937	-2116	-2033	-2086	//	-1908	-2097	-1907	-2118	-2047	//	-7121	-6889	-7121	-7051	-7082	//	-7107	-6905	-7023	-6884	-7053	//	-6931	-6960	-6932	-6858	-6854	//	-7014	-6943	-7076	-7067	-7076	//	-6940	-7033	-6899	-7126	-7142	//	-7101	-6930	-7062	-7094	-6967	//	-6967	

-15	-38	-90	-3	136	//	23	-106	73	16	3	//	-44	58	119	72	-22	//	70	-117	-144	14	66	//	79	-95	-38	-87	-13	//	29	52	38	-102	-127	//	24	-111	86	84	-51	//	79	-49	129	-49	124	//	-97	72	138	81	-138	//	96	-136	-88	-94	87	//	-1887	-1981	-1923	-2143	-2096	//	-1970	-2037	-1898	-2025	-2040	//	-1957	-1990	-1957	-1902	-1954	//	-1852	-1995	-2142	-2119	-1931	//	-7147	-7046	-6975	-7095	-7006	//	-7128	-6851	-7023	-7143	-7076	//	-6921	-6945	-7083	-6986	-7043	//	-7142	-7107	-7062	-7112	-7101	//	-7033	-6968	-7150	-6995	-6878	//	-6977	-7054	-6918	-6906	-7007	//	-7007	



6	2	-149	81	-136	//	96	-24	-107	-144	18	//	43	145	28	-62	6	//	-14	-102	97	96	-105	//	88	-105	131	148	45	//	-30	-55	-107	-60	23	//	31	13	21	-50	101	//	-13	-46	56	149	-70	//	96	-75	1	136	-142	//	71	127	72	-132	-37	//	-2042	-1932	-2079	-2073	-2031	//	-1983	-1874	-2115	-1867	-1924	//	-1995	-2011	-2046	-2035	-2073	//	-2105	-1955	-2009	-2040	-2022	//	-6914	-6936	-6945	-6933	-7127	//	-6884	-6918	-7101	-7086	-6996	//	-6970	-7065	-6946	-7085	-7029	//	-6876	-6914	-7115	-7000	-6993	//	-7117	-7053	-6861	-6977	-7039	//	-7102	-6927	-6977	-7023	-6905	//	-6905	

-26	-136	116	79	113	//	-145	44	-80	33	-121	//	100	-61	44	-60	-54	//	1	-103	-36	122	-3	//	39	-99	-135	65	137	//	98	109	142	146	24	//	43	-34	-85	-33	65	//	-130	133	-89	-76	49	//	-147	-80	-139	0	125	//	-84	6	-19	18	119	//	-2041	-2025	-1940	-1956	-2075	//	-2131	-1900	-1887	-2070	-1915	//	-1859	-2040	-2139	-2054	-1998	//	-1851	-2118	-2027	-1873	-2122	//	-6991	-6987	-6914	-7122	-7071	//	-6917	-6966	-7129	-6945	-7024	//	-7114	-6988	-7054	-6993	-7089	//	-6903	-6958	-6956	-7065	-6856	//	-7061	-7093	-6860	-7088	-6892	//	-7055	-6958	-7068	-7109	-7072	//	-7072	

-17	-140	140	47	144	//	107	-26	124	-38	0	//	-109	57	-93	112	-80	//	122	-80	-77	-62	55	//	-29	-20	-87	142	145	//	-111	24	13	-148	129	//	76	-112	-112	-135	-88	//	-88	98	-136	-76	144	//	97	22	-135	123	44	//	-133	-97	102	-81	75	//	-1994	-2110	-2128	-2043	-2003	//	-1997	-2118	-1998	-2044	-1915	//	-2056	-2019	-2101	-1946	-1954	//	-2086	-2064	-1869	-2126	-2041	//	-6977	-6884	-7116	-6950	-7022	//	-7076	-7100	-7019	-7048	-7132	//	-6981	-6979	-6881	-7034	-6856	//	-7121	-7076	-6890	-7145	-6863	//	-7132	-6997	-7141	-6910	-7019	//	-6926	-7041	-6993	-6878	-6856	//	-6856	

-31	97	-16	-7	6	//	-40	-114	65	83	-35	//	40	15	73	14	-115	//	36	32	-20	-121	-106	//	-33	148	-76	84	-46	//	-36	114	28	-25	111	//	-133	-24	-127	-99	-88	//	79	-126	-98	-102	44	//	-133	88	22	127	-13	//	99	93	-53	-86	21	//	-2095	-2001	-2117	-2063	-1990	//	-2067	-1933	-2009	-2029	-1945	//	-2053	-1933	-2072	-1882	-1980	//	-1926	-2110	-1852	-2108	-2009	//	-7017	-6867	-7112	-6913	-7021	//	-6983	-7018	-6971	-6901	-6874	//	-7133	-7099	-7033	-6862	-6917	//	-7054	-7095	-6997	-6905	-6899	//	-6931	-7001	-6971	-7047	-7056	//	-7110	-6900	-6983	-6936	-7052	//	-7052	

-89	-23	-95	-99	110	//	45	45	142	-73	-126	//	-119	115	149	85	26	//	136	-98	101	-22	-30	//	-92	-2	-120	-78	118	//	-19	102	21	83	-56	//	79	-86	77	-73	-90	//	59	129	48	-105	-97	//	-42	-62	-24	64	-101	//	-96	99	-51	57	108	//	-1883	-2149	-2085	-2097	-2130	//	-2033	-2045	-2089	-2068	-1957	//	-2010	-2147	-2075	-1955	-2005	//	-2076	-2106	-1940	-2054	-2021	//	-6857	-7038	-6998	-6889	-6856	//	-6979	-6991	-6879	-7133	-7121	//	-6865	-6880	-7045	-7057	-7046	//	-6971	-7036	-7112	-7052	-7024	//	-7070	-7080	-6970	-6985	-6889	//	-6928	-7147	-6947	-7049	-6872	//	-6872	



-1081	-868	-948	-1090	-946	//	-997	-1095	-1004	-1094	-855	//	-1103	-1030	-1098	-1146	-1019	//	-922	-961	-914	-1047	-963	//	-921	-1127	-1649	-1590	-1628	//	-1633	-1351	-940	-959	-895	//	-988	-882	-1036	-1046	-1089	//	-961	-1011	-872	-905	-1007	//	-1510	-1702	-1719	-1559	-1485	//	-1569	-1560	-1506	-1727	-1691	//	-1105	-955	-1079	-972	-1025	//	-932	-988	-1087	-951	-1047	//	-1055	-1142	-1134	-1028	-1021	//	-1112	-1029	-873	-987	-852	//	-6914	-7100	-6965	-7007	-6928	//	-7052	-6941	-6962	-7049	-7102	//	-6949	-6856	-6913	-6883	-7011	//	-7102	-7147	-6908	-6872	-7021	//	-7130	-6963	-6904	-6851	-6930	//	-6996	-7076	-6942	-7145	-7066	//	-7066	

-1008	-983	-977	-908	-871	//	-968	-901	-1056	-1065	-926	//	-953	-911	-1144	-987	-1040	//	-1052	-851	-1096	-933	-1130	//	-952	-881	-1599	-1610	-1574	//	-1431	-1613	-915	-901	-902	//	-1035	-1124	-930	-972	-1145	//	-852	-862	-956	-1150	-983	//	-1641	-1637	-1526	-1515	-1451	//	-1502	-1570	-1686	-1564	-1488	//	-1082	-1016	-1009	-1098	-965	//	-1009	-1018	-1060	-890	-975	//	-1057	-1084	-1057	-1111	-978	//	-919	-1064	-918	-1140	-1017	//	-6940	-7103	-6887	-7076	-6895	//	-7061	-6976	-6894	-7031	-6946	//	-6932	-6987	-6865	-7119	-7024	//	-7055	-6861	-7058	-7101	-6881	//	-6938	-6939	-6962	-6994	-7139	//	-6855	-7146	-6890	-7106	-7040	//	-7040	

-918	-1014	-1010	-964	-862	//	-931	-964	-967	-976	-1083	//	-1045	-1020	-950	-1032	-1080	//	-962	-910	-887	-1077	-912	//	-978	-1076	-1451	-1617	-1594	//	-1368	-1603	-1024	-1100	-1107	//	-1118	-954	-1024	-1042	-980	//	-1107	-1145	-948	-1033	-858	//	-1523	-1745	-1656	-1525	-1561	//	-1634	-1728	-1543	-1694	-1695	//	-1089	-951	-1133	-1126	-881	//	-924	-1000	-1143	-1147	-921	//	-910	-1013	-938	-1142	-887	//	-1146	-884	-1148	-887	-1150	//	-6911	-7030	-6918	-6882	-6873	//	-6858	-6956	-7018	-7069	-7071	//	-7125	-7072	-7083	-6979	-7132	//	-6966	-6870	-6857	-6922	-7050	//	-6950	-6872	-7038	-7008	-7003	//	-6952	-6976	-7068	-6902	-6962	//	-6962	

-853	-964	-1053	-971	-891	//	-1059	-1141	-1119	-920	-988	//	-972	-992	-1099	-1001	-911	//	-1063	-874	-1074	-891	-1075	//	-880	-1104	-1401	-1559	-1628	//	-1454	-1520	-1124	-1124	-1050	//	-1033	-945	-1080	-880	-1136	//	-1091	-977	-1005	-893	-1129	//	-1736	-1595	-1597	-1510	-1502	//	-1556	-1637	-1505	-1708	-1574	//	-1048	-986	-1012	-1016	-1091	//	-901	-963	-1065	-1130	-986	//	-1022	-997	-1120	-855	-919	//	-923	-944	-1027	-954	-1026	//	-6941	-7086	-6992	-6864	-6899	//	-6980	-7139	-7059	-7006	-7041	//	-6896	-7064	-7125	-6946	-6991	//	-7022	-6984	-7069	-6948	-6905	//	-6889	-6860	-6882	-6931	-6857	//	-7143	-7073	-6999	-7013	-6962	//	-6962	

-873	-963	-927	-857	-1048	//	-939	-909	-853	-851	-1012	//	-929	-995	-1104	-884	-867	//	-1048	-1115	-1149	-1138	-983	//	-875	-1016	-1432	-1557	-1603	//	-1478	-1574	-911	-961	-967	//	-1118	-1140	-858	-889	-961	//	-934	-971	-1045	-904	-872	//	-1595	-1647	-1490	-1538	-1535	//	-1708	-1584	-1535	-1670	-1660	//	-1060	-1003	-1132	-997	-852	//	-872	-1031	-961	-1093	-919	//	-1073	-949	-1039	-979	-955	//	-1025	-993	-1029	-1039	-1006	//	-7091	-7145	-6855	-6857	-7137	//	-7040	-6959	-6997	-6990	-7006	//	-6990	-7138	-6968	-7045	-6966	//	-6874	-6919	-6967	-6975	-6976	//	-7049	-6967	-7096	-7106	-7124	//	-6951	-7129	-6980	-7013	-6976	//	-6976	



-1146	-1024	-1035	-1104	-1101	//	-1113	-1029	-1534	-1583	-1403	//	-1360	-1397	-1052	-1036	-1139	//	-881	-902	-909	-960	-1077	//	-1014	-952	-946	-1133	-1146	//	-1147	-989	-1129	-1005	-1141	//	-870	-1111	-905	-1052	-870	//	-985	-935	-1069	-871	-920	//	-1749	-1517	-1581	-1554	-1660	//	-1742	-1469	-1586	-1743	-1679	//	-1143	-926	-1041	-1144	-1012	//	-939	-887	-1018	-1116	-1105	//	-1052	-1134	-925	-1146	-1136	//	-1117	-1133	-1100	-1140	-1077	//	-6987	-7073	-6980	-7075	-7046	//	-7007	-7113	-7125	-6950	-6998	//	-7044	-7089	-7004	-7133	-6958	//	-7102	-6947	-7023	-6871	-7107	//	-6874	-7020	-7122	-6902	-7105	//	-7067	-7112	-7127	-6943	-6900	//	-6900	

-1063	-1028	-1090	-943	-902	//	-1068	-1142	-1395	-1486	-1362	//	-1491	-1583	-887	-914	-955	//	-1128	-1048	-990	-1126	-852	//	-974	-1076	-1149	-1070	-958	//	-1109	-1040	-1112	-958	-1021	//	-992	-962	-1040	-1037	-1067	//	-943	-1039	-954	-1023	-910	//	-1637	-1572	-1733	-1528	-1503	//	-1656	-1688	-1671	-1510	-1706	//	-1024	-1046	-1016	-941	-1090	//	-875	-1062	-885	-866	-982	//	-1110	-870	-994	-862	-927	//	-1116	-958	-1135	-1147	-858	//	-6858	-7122	-6902	-7066	-6914	//	-6963	-7124	-6878	-6884	-6905	//	-6952	-6910	-6893	-6873	-7092	//	-7063	-6965	-6882	-7010	-7057	//	-6864	-7070	-7037	-7144	-7078	//	-7059	-6886	-6952	-7127	-7060	//	-7060	

-1136	-981	-1119	-963	-928	//	-948	-912	-1448	-1506	-1451	//	-1500	-1504	-889	-1147	-924	//	-942	-1103	-966	-1066	-880	//	-1033	-1110	-893	-890	-873	//	-893	-1119	-1105	-888	-996	//	-1126	-1003	-1079	-892	-942	//	-1145	-1003	-1075	-981	-875	//	-1458	-1746	-1694	-1706	-1693	//	-1484	-1493	-1651	-1482	-1560	//	-928	-1066	-1013	-918	-929	//	-1036	-948	-879	-860	-920	//	-1068	-948	-1027	-873	-860	//	-970	-1074	-1034	-1061	-1090	//	-6903	-7125	-7005	-6959	-6894	//	-6972	-7112	-6890	-6854	-7085	//	-6939	-6853	-6917	-7056	-6904	//	-6961	-6986	-7010	-7013	-6987	//	-7089	-7105	-7021	-6923	-6937	//	-7040	-7150	-7006	-7069	-7131	//	-7131	

-914	-1121	-852	-1115	-1086	//	-885	-872	-1469	-1445	-1590	//	-1462	-1596	-979	-998	-953	//	-969	-1037	-944	-991	-956	//	-939	-942	-897	-957	-1033	//	-1008	-1081	-867	-1064	-1063	//	-852	-891	-943	-1011	-960	//	-1057	-1143	-883	-982	-1036	//	-1665	-1692	-1714	-1465	-1601	//	-1660	-1670	-1505	-1647	-1538	//	-943	-942	-1116	-1113	-1051	//	-963	-954	-991	-1006	-1030	//	-909	-886	-893	-889	-875	//	-1078	-1116	-979	-1022	-857	//	-7092	-7022	-6933	-6933	-6941	//	-7100	-7134	-7015	-7071	-7144	//	-6984	-7092	-6925	-7036	-6861	//	-7094	-7021	-6898	-7034	-7040	//	-7119	-7070	-6925	-6857	-6947	//	-7039	-7028	-7144	-7001	-6934	//	-6934	

-1105	-1118	-966	-988	-1131	//	-878	-1139	-1572	-1358	-1633	//	-1609	-1435	-997	-1017	-1138	//	-900	-973	-1136	-917	-935	//	-985	-1018	-1122	-1047	-1006	//	-880	-1115	-971	-1137	-1042	//	-861	-947	-1127	-1024	-1117	//	-917	-976	-1047	-1119	-1101	//	-1491	-1472	-1692	-1460	-1581	//	-1476	-1733	-1735	-1693	-1533	//	-926	-1000	-886	-904	-1120	//	-1063	-881	-881	-1037	-1056	//	-1064	-979	-915	-906	-897	//	-924	-931	-965	-1088	-1056	//	-6959	-7146	-7040	-6961	-6972	//	-6943	-6911	-6913	-6864	-6887	//	-7062	-7048	-7078	-7079	-6919	//	-7036	-6904	-6940	-7065	-7064	//	-7136	-7128	-6895	-7114	-6990	//	-6935	-6913	-7030	-7019	-7108	//	-7108	



-1035	-866	-1015	-956	-988	//	-912	-1145	-1127	-1043	-1068	//	-932	-1038	-1045	-869	-974	//	-1000	-1092	-1140	-1110	-1008	//	-1011	-1090	-1036	-949	-1093	//	-1087	-1085	-1090	-896	-937	//	-1077	-1134	-1034	-940	-1090	//	-1038	-1121	-915	-1148	-900	//	-1558	-1499	-1506	-1543	-1625	//	-1724	-1552	-1507	-1472	-1502	//	-934	-1069	-983	-977	-894	//	-859	-1057	-958	-1059	-1035	//	-884	-887	-898	-950	-1145	//	-891	-875	-873	-927	-1077	//	-7051	-6925	-7125	-6891	-6878	//	-6856	-7046	-6855	-6890	-7085	//	-7091	-7140	-7001	-7036	-6988	//	-7002	-6852	-7130	-7065	-6876	//	-6868	-7011	-6907	-6999	-7075	//	-6917	-6893	-6990	-6944	-7112	//	-7112	

-1091	-857	-911	-893	-1023	//	-1021	-956	-1141	-900	-910	//	-891	-1133	-937	-1033	-1061	//	-892	-912	-996	-1129	-1076	//	-958	-865	-1091	-933	-905	//	-928	-957	-895	-1147	-916	//	-1056	-1003	-1000	-1135	-1002	//	-1122	-949	-1108	-925	-883	//	-1715	-1474	-1476	-1505	-1553	//	-1608	-1687	-1494	-1674	-1726	//	-906	-1144	-966	-1073	-1135	//	-1065	-861	-853	-1053	-1044	//	-1008	-911	-981	-984	-951	//	-1136	-1060	-1031	-999	-986	//	-7138	-6865	-6881	-6876	-7037	//	-7068	-7058	-7032	-7030	-7017	//	-6942	-7061	-7087	-7059	-7077	//	-6873	-6882	-6934	-6853	-6978	//	-7034	-7148	-7064	-6962	-7017	//	-7091	-7122	-7000	-6876	-6906	//	-6906	

-913	-1070	-1058	-1017	-1010	//	-953	-1138	-935	-998	-1147	//	-1145	-1124	-1093	-1091	-1098	//	-928	-1064	-980	-1050	-955	//	-1009	-866	-928	-949	-898	//	-920	-902	-1014	-1064	-965	//	-1001	-1114	-964	-1130	-866	//	-985	-1020	-1109	-949	-959	//	-1530	-1725	-1712	-1623	-1672	//	-1503	-1561	-1681	-1583	-1668	//	-854	-922	-924	-1035	-984	//	-1144	-886	-1133	-959	-878	//	-910	-1129	-1011	-907	-1049	//	-1134	-910	-1029	-1016	-950	//	-6899	-7040	-7125	-6925	-6962	//	-7014	-7132	-7069	-6873	-7149	//	-6884	-6858	-7028	-6976	-6963	//	-6922	-7025	-7138	-6876	-6994	//	-6905	-6931	-6998	-7030	-6871	//	-7050	-7017	-6954	-6989	-7074	//	-7074	

-958	-1137	-927	-1073	-985	//	-988	-897	-923	-1049	-889	//	-881	-1149	-1027	-1073	-866	//	-940	-896	-955	-1092	-890	//	-1142	-1090	-971	-1095	-900	//	-898	-1020	-1069	-900	-976	//	-1056	-873	-873	-1058	-1039	//	-866	-952	-1077	-954	-1013	//	-1733	-1507	-1537	-1581	-1664	//	-1602	-1558	-1651	-1473	-1571	//	-950	-915	-1009	-872	-1140	//	-994	-891	-896	-930	-1003	//	-988	-999	-1091	-978	-904	//	-1030	-1105	-870	-1034	-1136	//	-6880	-7127	-6883	-7107	-7076	//	-6882	-6927	-7149	-7050	-6884	//	-6894	-7006	-7087	-6917	-6964	//	-6884	-6965	-6875	-6922	-7005	//	-6910	-6914	-7120	-6862	-7112	//	-6864	-6881	-6975	-6910	-7054	//	-7054	

-1143	-1123	-940	-931	-1003	//	-907	-969	-1118	-1114	-873	//	-917	-875	-872	-925	-1099	//	-1118	-982	-1106	-1077	-1008	//	-961	-852	-948	-917	-899	//	-1090	-943	-903	-1070	-928	//	-1005	-881	-896	-1046	-989	//	-1034	-1069	-1074	-974	-862	//	-1487	-1554	-1672	-1588	-1710	//	-1516	-1604	-1690	-1656	-1557	//	-1064	-943	-942	-1104	-1096	//	-1061	-980	-1112	-945	-899	//	-874	-990	-1093	-900	-1076	//	-935	-1102	-976	-1084	-990	//	-6995	-7040	-6853	-7130	-7011	//	-6912	-7102	-6907	-7135	-6982	//	-6931	-7067	-7066	-6940	-7101	//	-6950	-7061	-6995	-6867	-6994	//	-7019	-6963	-7036	-6938	-7139	//	-7035	-6902	-6950	-6893	-6876	//	-6876	



-860	-921	-936	-1022	-1150	//	-975	-1028	-1043	-1001	-1123	//	-1365	-1459	-1500	-1564	-1393	//	-893	-1144	-963	-1049	-1129	//	-1041	-1099	-1083	-1144	-1119	//	-860	-1068	-1543	-1503	-1622	//	-1542	-1519	-921	-1140	-894	//	-1096	-896	-1030	-1043	-866	//	-1676	-1634	-1515	-1672	-1506	//	-1591	-1660	-1548	-1670	-1558	//	-1148	-1041	-1002	-920	-1021	//	-1064	-1082	-1133	-1057	-882	//	-1095	-1086	-875	-956	-1006	//	-1063	-878	-1057	-1138	-1030	//	-7086	-6901	-6941	-6918	-6903	//	-6853	-7139	-6961	-7101	-6853	//	-6903	-7136	-6951	-7036	-6977	//	-7127	-6904	-6925	-6955	-6973	//	-6851	-7013	-7077	-7068	-6925	//	-6894	-6990	-7097	-6894	-7122	//	-7122	

-950	-1052	-1029	-1026	-1018	//	-987	-1124	-1138	-959	-1080	//	-1476	-1382	-1475	-1564	-1592	//	-1098	-904	-1133	-1047	-1111	//	-861	-1036	-1113	-946	-1015	//	-978	-992	-1523	-1406	-1571	//	-1477	-1603	-908	-914	-1065	//	-1038	-1050	-986	-985	-1121	//	-1608	-1563	-1624	-1548	-1582	//	-1723	-1664	-1708	-1749	-1553	//	-1035	-1127	-979	-1118	-1135	//	-952	-910	-1077	-912	-994	//	-1015	-1045	-1075	-1049	-895	//	-1145	-917	-927	-855	-867	//	-6952	-7034	-7115	-6923	-7129	//	-6984	-7146	-6866	-7136	-6860	//	-7120	-6918	-6874	-7089	-7118	//	-7073	-7125	-6982	-6930	-6858	//	-6943	-7040	-6927	-6901	-7003	//	-7147	-7003	-7055	-6896	-6953	//	-6953	

-931	-1040	-948	-968	-1007	//	-982	-950	-918	-1024	-941	//	-1380	-1370	-1643	-1591	-1595	//	-1044	-1111	-891	-1150	-1007	//	-1006	-1141	-1004	-1134	-1136	//	-863	-917	-1382	-1639	-1629	//	-1625	-1443	-976	-1011	-1043	//	-1052	-916	-1011	-965	-887	//	-1526	-1640	-1730	-1578	-1493	//	-1526	-1535	-1593	-1529	-1483	//	-1043	-1074	-1126	-913	-1035	//	-857	-920	-935	-1120	-1020	//	-993	-864	-968	-892	-874	//	-1136	-1067	-1074	-1057	-885	//	-6945	-7041	-7141	-7065	-7023	//	-7022	-7086	-6869	-7093	-7136	//	-7141	-6957	-6922	-6984	-7085	//	-6938	-6876	-7089	-6852	-7058	//	-7093	-6909	-7080	-7138	-6980	//	-7091	-7142	-7101	-7109	-7072	//	-7072	

-895	-990	-1042	-1072	-1125	//	-939	-1063	-890	-1082	-894	//	-1624	-1495	-1626	-1539	-1355	//	-875	-899	-1077	-938	-979	//	-851	-982	-1136	-1129	-1101	//	-1062	-1039	-1545	-1456	-1535	//	-1569	-1621	-1140	-948	-967	//	-936	-946	-1143	-1145	-949	//	-1595	-1521	-1532	-1568	-1621	//	-1623	-1549	-1572	-1588	-1515	//	-1048	-1068	-1130	-921	-1107	//	-1073	-881	-890	-981	-940	//	-951	-1052	-911	-1047	-940	//	-899	-885	-977	-931	-977	//	-7141	-6899	-7084	-7036	-6956	//	-7024	-7148	-6919	-7029	-6994	//	-6894	-7060	-7075	-7074	-7093	//	-6910	-7031	-6974	-7068	-7093	//	-7106	-6915	-6958	-6891	-7046	//	-7032	-6958	-6978	-7085	-6902	//	-6902	

-1088	-1020	-1128	-1051	-969	//	-880	-1132	-1133	-905	-877	//	-1424	-1394	-1369	-1467	-1593	//	-1129	-871	-1003	-1098	-1119	//	-927	-1047	-917	-1142	-1069	//	-931	-1139	-1596	-1612	-1395	//	-1498	-1360	-1097	-1109	-945	//	-966	-1125	-927	-1036	-1044	//	-1522	-1539	-1456	-1484	-1750	//	-1544	-1637	-1634	-1486	-1556	//	-1059	-914	-1063	-1034	-893	//	-1091	-1109	-1082	-1057	-1064	//	-990	-895	-874	-1037	-1014	//	-1106	-1119	-995	-1050	-1015	//	-6934	-7013	-7033	-6982	-7073	//	-6930	-7038	-7040	-7015	-7079	//	-7002	-7066	-7100	-7096	-6965	//	-7101	-7099	-7068	-7100	-7071	//	-7008	-6955	-6882	-6880	-7045	//	-6923	-6882	-6973	-7010	-7118	//	-7118	



-1088	-1020	-1128	-1051	-969	//	-880	-1132	-1133	-905	-877	//	-1424	-1394	-1369	-1467	-1593	//	-1129	-871	-1003	-1098	-1119	//	-927	-1047	-917	-1142	-1069	//	-931	-1139	-1596	-1612	-1395	//	-1498	-1360	-1097	-1109	-945	//	-966	-1125	-927	-1036	-1044	//	-1522	-1539	-1456	-1484	-1750	//	-1544	-1637	-1634	-1486	-1556	//	-1059	-914	-1063	-1034	-893	//	-1091	-1109	-1082	-1057	-1064	//	-990	-895	-874	-1037	-1014	//	-1106	-1119	-995	-1050	-1015	//	-6934	-7013	-7033	-6982	-7073	//	-6930	-7038	-7040	-7015	-7079	//	-7002	-7066	-7100	-7096	-6965	//	-7101	-7099	-7068	-7100	-7071	//	-7008	-6955	-6882	-6880	-7045	//	-6923	-6882	-6973	-7010	-7118	//	-7118

