100	100	100	100	100	//	100	100	100	100	100	//	100	100	100	100	100	//	737	730	976	1100	775	//	868	1207	1431	1361	1608	//	-148	-12	-17	58	-40	//	125	255	97	15	72	//	186	67	2	156	283	//	44	-28	88	51	0	//	53	-65	146	-40	-34	//	-3426	-3373	-3612	-3430	-3508	//	-3487	-3636	-3536	-3374	-3531	//	-3590	-3528	-3510	-3560	-3647	//	-3419	-3540	-3402	-3488	-3450	//	-3476	-3639	-3470	-3400	-3611	//	-3406	-3614	-3614	-3545	-3380	//	-3431	-3448	-3391	-3449	-3395	//	-3385	-3445	-3599	-3512	-3412	//	-3473	-3363	-3626	-3601	-3453	//	-3371	-3537	-3514	-3582	-3401	//	-3401	

100	100	100	100	100	//	100	100	100	100	100	//	100	100	100	100	100	//	926	853	685	931	1191	//	1035	1193	1285	1266	1222	//	53	89	-14	-117	-106	//	171	131	46	306	197	//	153	65	249	132	285	//	137	-23	-36	27	-99	//	-53	140	-32	-66	11	//	-3571	-3541	-3413	-3454	-3515	//	-3541	-3485	-3545	-3391	-3443	//	-3379	-3617	-3449	-3515	-3518	//	-3368	-3565	-3616	-3471	-3493	//	-3613	-3382	-3638	-3580	-3396	//	-3499	-3622	-3508	-3609	-3516	//	-3556	-3474	-3449	-3408	-3383	//	-3517	-3586	-3606	-3369	-3459	//	-3600	-3553	-3605	-3366	-3551	//	-3441	-3457	-3423	-3437	-3469	//	-3469	

100	100	100	100	100	//	100	100	100	100	100	//	100	100	100	100	100	//	892	968	1048	1047	930	//	898	1203	1131	1104	1543	//	41	41	-48	-75	58	//	286	278	311	297	109	//	65	280	278	225	169	//	11	130	112	46	149	//	-12	-95	-118	-138	-22	//	-3394	-3579	-3375	-3520	-3379	//	-3375	-3392	-3493	-3532	-3482	//	-3559	-3466	-3545	-3628	-3502	//	-3535	-3591	-3512	-3455	-3646	//	-3534	-3608	-3568	-3564	-3509	//	-3570	-3412	-3371	-3450	-3561	//	-3642	-3482	-3643	-3519	-3621	//	-3605	-3437	-3566	-3520	-3459	//	-3397	-3648	-3430	-3481	-3494	//	-3440	-3645	-3461	-3544	-3574	//	-3574	

100	100	100	100	100	//	100	100	100	100	100	//	100	100	100	100	100	//	802	600	977	812	860	//	928	1111	1442	1550	1243	//	109	-46	25	135	6	//	208	122	179	274	245	//	319	174	128	183	169	//	-63	-140	-106	114	-88	//	-80	91	61	-62	17	//	-3504	-3443	-3596	-3430	-3524	//	-3521	-3446	-3640	-3597	-3511	//	-3392	-3543	-3396	-3568	-3508	//	-3453	-3446	-3426	-3639	-3455	//	-3566	-3442	-3432	-3513	-3439	//	-3403	-3441	-3428	-3407	-3626	//	-3401	-3354	-3396	-3506	-3452	//	-3578	-3389	-3352	-3562	-3521	//	-3537	-3634	-3583	-3522	-3643	//	-3585	-3586	-3486	-3382	-3639	//	-3639	

100	100	100	100	100	//	100	100	100	100	100	//	100	100	100	100	100	//	728	555	632	950	990	//	859	933	1218	1097	1274	//	-84	50	-67	98	-65	//	327	214	400	280	300	//	381	377	367	374	350	//	77	-141	24	-101	0	//	132	89	26	93	-101	//	-3532	-3524	-3573	-3453	-3537	//	-3562	-3559	-3357	-3385	-3490	//	-3637	-3601	-3371	-3548	-3595	//	-3362	-3459	-3438	-3459	-3556	//	-3410	-3444	-3568	-3401	-3609	//	-3568	-3510	-3483	-3583	-3615	//	-3572	-3461	-3629	-3567	-3373	//	-3457	-3629	-3495	-3402	-3477	//	-3540	-3461	-3403	-3381	-3475	//	-3512	-3451	-3370	-3507	-3463	//	-3463	



100	100	100	100	100	//	100	100	100	100	100	//	100	100	100	100	100	//	50	147	47	149	-88	//	922	1352	1002	1530	1467	//	42	-136	-40	-16	57	//	176	277	359	390	318	//	368	270	342	320	286	//	54	74	43	-137	99	//	112	-118	145	17	93	//	-3420	-3632	-3493	-3608	-3488	//	-3383	-3412	-3559	-3398	-3630	//	-3417	-3468	-3557	-3390	-3556	//	-3439	-3577	-3453	-3650	-3538	//	-3428	-3461	-3515	-3495	-3594	//	-3370	-3639	-3451	-3488	-3592	//	-3414	-3566	-3408	-3357	-3569	//	-3603	-3398	-3634	-3549	-3455	//	-3547	-3596	-3409	-3362	-3600	//	-3489	-3547	-3394	-3406	-3390	//	-3390	

100	100	100	100	100	//	100	100	100	100	100	//	100	100	100	100	100	//	104	-112	68	112	102	//	893	1299	1069	1236	1588	//	10	146	49	64	50	//	385	257	472	289	357	//	316	291	452	197	431	//	5	-98	-107	-3	22	//	47	-138	-129	-148	136	//	-3561	-3584	-3534	-3604	-3442	//	-3413	-3458	-3491	-3479	-3539	//	-3482	-3358	-3383	-3416	-3506	//	-3594	-3459	-3500	-3505	-3466	//	-3568	-3556	-3467	-3509	-3448	//	-3402	-3637	-3553	-3380	-3369	//	-3570	-3485	-3478	-3630	-3551	//	-3576	-3469	-3362	-3518	-3639	//	-3448	-3586	-3649	-3573	-3580	//	-3425	-3600	-3447	-3377	-3517	//	-3517	

100	100	100	100	100	//	-88	-108	-30	-125	-8	//	20	9	-41	71	101	//	119	59	88	-53	93	//	1197	1204	1212	1349	1536	//	62	147	-118	95	-5	//	481	280	318	301	449	//	237	464	476	398	309	//	109	-45	20	139	-43	//	30	143	-22	-119	127	//	-3483	-3479	-3421	-3414	-3601	//	-3600	-3493	-3516	-3528	-3563	//	-3445	-3576	-3400	-3369	-3371	//	-3520	-3435	-3634	-3363	-3404	//	-3463	-3618	-3421	-3544	-3441	//	-3368	-3463	-3446	-3420	-3542	//	-3403	-3583	-3471	-3352	-3515	//	-3526	-3576	-3635	-3557	-3501	//	-3635	-3475	-3630	-3591	-3372	//	-3423	-3381	-3378	-3569	-3445	//	-3445	

100	100	100	100	100	//	56	-137	-77	39	-21	//	85	121	59	-106	-81	//	-16	-79	-129	-31	36	//	947	1169	1233	1261	1475	//	-137	121	70	-142	-109	//	337	334	481	247	318	//	459	392	473	301	301	//	-42	-41	97	99	46	//	-22	-136	118	-46	-66	//	-3351	-3391	-3423	-3355	-3561	//	-3374	-3441	-3427	-3443	-3418	//	-3489	-3574	-3649	-3539	-3357	//	-3459	-3478	-3533	-3488	-3512	//	-3535	-3476	-3583	-3414	-3435	//	-3595	-3380	-3626	-3642	-3585	//	-3449	-3545	-3524	-3383	-3532	//	-3552	-3593	-3354	-3596	-3434	//	-3373	-3603	-3406	-3510	-3391	//	-3514	-3420	-3548	-3620	-3403	//	-3403	

100	100	100	100	100	//	39	39	-61	69	19	//	134	-91	21	-38	93	//	115	-118	20	-12	9	//	1041	987	1130	1403	1552	//	83	-54	42	103	40	//	562	539	510	511	428	//	320	499	491	400	343	//	17	-130	36	93	-107	//	-84	-111	105	72	117	//	-3515	-3524	-3453	-3452	-3524	//	-3442	-3396	-3549	-3625	-3620	//	-3602	-3576	-3627	-3387	-3650	//	-3496	-3525	-3595	-3472	-3413	//	-3421	-3440	-3423	-3440	-3565	//	-3586	-3424	-3474	-3601	-3504	//	-3532	-3623	-3358	-3485	-3375	//	-3385	-3381	-3541	-3481	-3555	//	-3399	-3625	-3474	-3613	-3643	//	-3615	-3528	-3548	-3600	-3599	//	-3599	



100	100	100	100	100	//	-84	-137	117	-113	89	//	-58	70	91	-92	-147	//	148	-93	-52	112	-14	//	954	1097	1140	1518	1266	//	-119	134	81	-87	147	//	303	387	404	559	463	//	547	359	341	336	367	//	1	33	19	-20	-10	//	-2	5	9	126	81	//	-3558	-3365	-3420	-3514	-3572	//	-3492	-3531	-3489	-3607	-3625	//	-3532	-3522	-3592	-3443	-3585	//	-3503	-3543	-3593	-3512	-3492	//	-3517	-3515	-3561	-3560	-3640	//	-3588	-3582	-3594	-3418	-3605	//	-3611	-3388	-3445	-3567	-3359	//	-3644	-3633	-3432	-3434	-3410	//	-3641	-3544	-3541	-3376	-3495	//	-3466	-3381	-3564	-3500	-3488	//	-3488	

100	100	100	100	100	//	62	127	-119	-11	78	//	86	68	-70	-24	-65	//	122	64	115	-1	-85	//	1293	1083	1184	1313	1357	//	77	-82	16	86	-149	//	494	553	561	437	347	//	443	613	598	398	336	//	14	149	97	-2	131	//	-123	-73	128	-50	-43	//	-3456	-3351	-3437	-3601	-3435	//	-3542	-3382	-3423	-3518	-3443	//	-3384	-3413	-3599	-3398	-3515	//	-3488	-3393	-3590	-3355	-3402	//	-3425	-3544	-3541	-3551	-3516	//	-3561	-3383	-3540	-3578	-3582	//	-3492	-3434	-3639	-3567	-3354	//	-3437	-3601	-3445	-3357	-3456	//	-3462	-3357	-3503	-3650	-3585	//	-3507	-3584	-3390	-3577	-3627	//	-3627	

100	100	100	100	100	//	1	120	-125	-15	-26	//	32	-94	-17	-86	-5	//	98	-138	-25	30	125	//	827	888	1250	1176	1243	//	-8	-50	-84	68	-100	//	648	385	375	454	494	//	465	498	383	628	383	//	147	114	88	128	76	//	37	-42	-72	-56	-136	//	-3460	-3377	-3410	-3476	-3545	//	-3509	-3430	-3479	-3440	-3574	//	-3377	-3647	-3532	-3553	-3398	//	-3589	-3519	-3537	-3595	-3485	//	-3395	-3510	-3447	-3570	-3539	//	-3577	-3371	-3507	-3442	-3597	//	-3569	-3545	-3634	-3372	-3569	//	-3533	-3597	-3430	-3540	-3403	//	-3550	-3586	-3426	-3640	-3422	//	-3640	-3632	-3421	-3637	-3606	//	-3606	

100	100	100	100	100	//	40	81	38	-26	32	//	-70	53	90	127	15	//	-100	38	66	114	-150	//	1266	1123	1026	1100	1437	//	74	140	131	-125	136	//	577	552	468	489	478	//	636	554	399	444	636	//	-122	-123	92	-18	-6	//	86	76	71	-142	15	//	-3601	-3356	-3564	-3439	-3642	//	-3360	-3510	-3431	-3415	-3496	//	-3419	-3388	-3622	-3412	-3489	//	-3472	-3457	-3580	-3576	-3517	//	-3575	-3650	-3533	-3599	-3389	//	-3515	-3639	-3581	-3562	-3458	//	-3575	-3431	-3506	-3565	-3648	//	-3352	-3541	-3510	-3440	-3385	//	-3632	-3548	-3467	-3641	-3474	//	-3357	-3387	-3527	-3390	-3508	//	-3508	

100	100	100	100	100	//	93	-26	10	80	-24	//	47	-130	-102	37	-12	//	19	35	-18	-9	-74	//	1206	927	1428	1095	1544	//	50	-81	24	117	7	//	640	680	573	463	594	//	692	457	608	565	702	//	-98	-83	33	-85	137	//	124	-41	89	18	-5	//	-3615	-3360	-3404	-3451	-3489	//	-3429	-3557	-3369	-3404	-3439	//	-3355	-3630	-3607	-3352	-3505	//	-3451	-3443	-3592	-3493	-3478	//	-3462	-3561	-3574	-3635	-3362	//	-3547	-3580	-3501	-3417	-3514	//	-3649	-3578	-3401	-3557	-3618	//	-3437	-3483	-3400	-3446	-3390	//	-3550	-3483	-3544	-3526	-3469	//	-3502	-3409	-3602	-3616	-3498	//	-3498	



200	40	-114	-75	-47	//	4	38	-125	-60	48	//	125	8	66	-136	42	//	139	17	-61	116	94	//	-81	64	66	51	141	//	56	10	141	-44	18	//	729	595	487	749	460	//	467	636	510	729	494	//	52	-111	-30	27	39	//	58	-112	-95	-124	58	//	-3506	-3515	-3509	-3513	-3455	//	-3379	-3631	-3376	-3372	-3463	//	-3386	-3605	-3617	-3519	-3396	//	-3440	-3428	-3620	-3392	-3454	//	-3402	-3475	-3352	-3364	-3363	//	-3364	-3531	-3389	-3520	-3369	//	-3561	-3484	-3447	-3631	-3468	//	-3535	-3400	-3477	-3433	-3504	//	-3637	-3400	-3519	-3479	-3413	//	-3370	-3437	-3572	-3593	-3476	//	-3476	

125	192	61	-145	-44	//	-22	26	80	94	-49	//	53	124	9	-113	-86	//	-127	-85	4	48	145	//	81	-139	8	-133	-146	//	-34	-38	4	140	49	//	656	678	551	616	689	//	646	664	492	539	610	//	-83	-52	119	-114	-55	//	-95	-144	143	139	88	//	-3560	-3512	-3480	-3474	-3465	//	-3623	-3575	-3629	-3407	-3593	//	-3479	-3367	-3398	-3497	-3622	//	-3602	-3437	-3353	-3582	-3386	//	-3391	-3550	-3521	-3577	-3374	//	-3578	-3354	-3511	-3514	-3405	//	-3516	-3576	-3376	-3360	-3425	//	-3581	-3424	-3402	-3458	-3416	//	-3544	-3643	-3549	-3534	-3375	//	-3510	-3379	-3565	-3464	-3484	//	-3484	

57	54	-276	-28	-194	//	45	-33	110	88	-59	//	-84	38	-40	-55	-74	//	-137	-81	143	-143	7	//	-134	-73	93	18	-46	//	107	75	9	-120	59	//	797	559	552	709	726	//	609	774	744	536	722	//	-8	149	-125	-67	9	//	-137	18	-82	30	146	//	-3634	-3504	-3362	-3379	-3368	//	-3480	-3407	-3518	-3544	-3381	//	-3649	-3538	-3405	-3645	-3479	//	-3365	-3498	-3636	-3573	-3637	//	-3603	-3575	-3355	-3622	-3466	//	-3624	-3644	-3464	-3642	-3521	//	-3553	-3616	-3445	-3596	-3373	//	-3438	-3475	-3495	-3614	-3533	//	-3498	-3508	-3471	-3353	-3544	//	-3355	-3571	-3383	-3490	-3641	//	-3641	

-163	-260	-212	-102	-243	//	22	-53	-81	-111	41	//	1	-100	-85	-140	141	//	148	109	-91	15	13	//	-131	-79	-68	-36	-49	//	59	39	-131	-54	-81	//	792	794	581	747	835	//	584	633	788	773	795	//	57	73	10	108	90	//	79	-13	24	-57	-25	//	-3549	-3551	-3402	-3400	-3383	//	-3501	-3593	-3359	-3559	-3539	//	-3443	-3604	-3483	-3491	-3609	//	-3431	-3414	-3398	-3586	-3556	//	-3389	-3461	-3578	-3468	-3552	//	-3598	-3535	-3642	-3494	-3473	//	-3352	-3542	-3451	-3453	-3391	//	-3358	-3551	-3500	-3512	-3439	//	-3576	-3416	-3532	-3419	-3518	//	-3567	-3636	-3526	-3494	-3382	//	-3382	

98	27	91	-236	-286	//	67	-106	-8	18	45	//	-79	149	85	117	-63	//	-123	-68	-23	-68	-41	//	-104	-119	98	-42	56	//	123	13	-134	-148	-128	//	760	779	817	847	782	//	726	811	691	713	593	//	116	-128	-31	50	-139	//	-23	88	78	90	-12	//	-3529	-3541	-3649	-3538	-3370	//	-3553	-3648	-3591	-3362	-3403	//	-3413	-3523	-3632	-3387	-3351	//	-3618	-3522	-3593	-3427	-3609	//	-3565	-3487	-3496	-3487	-3608	//	-3521	-3386	-3403	-3590	-3541	//	-3532	-3614	-3392	-3418	-3409	//	-3589	-3374	-3570	-3553	-3364	//	-3437	-3416	-3548	-3548	-3550	//	-3502	-3370	-3476	-3361	-3645	//	-3645	



-35	49	-326	91	21	//	28	-69	-64	90	16	//	76	87	46	30	-18	//	-106	8	-141	58	-149	//	67	52	-118	-33	8	//	-33	44	52	-87	29	//	811	741	763	692	608	//	663	844	847	658	776	//	14	-36	-129	-42	84	//	-59	-58	-48	145	-71	//	-3493	-3628	-3473	-3564	-3388	//	-3592	-3574	-3633	-3638	-3585	//	-3465	-3396	-3607	-3406	-3451	//	-3386	-3500	-3477	-3474	-3467	//	-3391	-3572	-3361	-3403	-3353	//	-3471	-3374	-3471	-3461	-3572	//	-3472	-3515	-3351	-3626	-3426	//	-3533	-3557	-3439	-3553	-3428	//	-3500	-3534	-3541	-3561	-3465	//	-3537	-3638	-3362	-3521	-3629	//	-3629	

35	-185	26	-271	19	//	74	38	25	135	-96	//	50	146	11	3	1	//	-111	16	40	86	130	//	1	36	145	52	6	//	2	-106	128	136	86	//	688	691	661	658	901	//	660	669	654	823	919	//	99	14	20	110	138	//	-77	138	25	6	30	//	-3573	-3645	-3473	-3419	-3402	//	-3476	-3405	-3361	-3602	-3649	//	-3636	-3390	-3356	-3644	-3453	//	-3603	-3516	-3581	-3439	-3476	//	-3481	-3642	-3444	-3389	-3605	//	-3513	-3640	-3516	-3643	-3418	//	-3442	-3414	-3488	-3545	-3353	//	-3569	-3441	-3503	-3389	-3564	//	-3629	-3412	-3497	-3509	-3638	//	-3543	-3523	-3562	-3493	-3585	//	-3585	

-475	-122	-15	-149	-16	//	-125	129	95	-80	41	//	-69	-144	91	55	2	//	37	-50	115	61	97	//	134	-126	-139	-143	-72	//	35	-95	33	37	63	//	908	925	801	794	762	//	692	848	908	678	887	//	-3	-39	-107	-35	-31	//	128	116	18	-150	-61	//	-3508	-3583	-3567	-3377	-3498	//	-3424	-3352	-3398	-3585	-3552	//	-3630	-3451	-3447	-3457	-3537	//	-3377	-3483	-3355	-3498	-3438	//	-3385	-3501	-3374	-3419	-3561	//	-3411	-3502	-3385	-3450	-3351	//	-3640	-3402	-3524	-3584	-3555	//	-3627	-3392	-3536	-3410	-3376	//	-3364	-3431	-3605	-3486	-3561	//	-3614	-3494	-3503	-3551	-3515	//	-3515	

-409	-40	-90	-132	-277	//	-74	-14	72	-91	-100	//	94	70	52	-58	-61	//	-91	-33	50	102	-33	//	-111	18	-127	-14	-45	//	-82	-52	25	-131	131	//	772	947	863	833	890	//	836	915	744	912	881	//	-76	-38	-134	-51	-118	//	-66	70	102	116	100	//	-3507	-3557	-3535	-3531	-3446	//	-3564	-3583	-3357	-3531	-3607	//	-3393	-3370	-3373	-3589	-3637	//	-3507	-3387	-3385	-3420	-3442	//	-3550	-3644	-3553	-3529	-3576	//	-3374	-3580	-3565	-3556	-3611	//	-3490	-3527	-3609	-3594	-3603	//	-3442	-3593	-3610	-3395	-3638	//	-3532	-3372	-3602	-3584	-3422	//	-3630	-3455	-3632	-3434	-3411	//	-3411	

-503	-172	-554	-126	-410	//	6	45	118	89	-4	//	12	102	15	79	-78	//	134	65	-87	-67	-23	//	31	23	104	-77	111	//	-103	87	-32	-42	-15	//	820	943	900	867	764	//	863	868	856	1017	898	//	25	-77	50	-141	-132	//	15	-114	-103	-27	-114	//	-3399	-3635	-3611	-3394	-3365	//	-3612	-3434	-3464	-3645	-3451	//	-3551	-3355	-3421	-3479	-3482	//	-3539	-3377	-3464	-3418	-3467	//	-3607	-3397	-3514	-3463	-3493	//	-3540	-3613	-3644	-3439	-3512	//	-3647	-3531	-3480	-3361	-3586	//	-3400	-3399	-3465	-3525	-3492	//	-3543	-3352	-3393	-3475	-3555	//	-3544	-3528	-3512	-3523	-3639	//	-3639	



699	638	666	661	559	//	662	784	52	7	-126	//	-106	72	-89	149	-69	//	533	711	532	509	578	//	-10	1	133	-33	144	//	68	-99	127	-59	33	//	935	1000	854	937	1016	//	1029	827	758	941	856	//	-149	-74	24	-142	63	//	-110	-81	-28	142	-31	//	-3425	-3400	-3396	-3410	-3559	//	-3429	-3606	-3461	-3484	-3424	//	-3399	-3538	-3592	-3381	-3471	//	-3551	-3366	-3625	-3624	-3466	//	-3601	-3440	-3413	-3519	-3597	//	-3650	-3594	-3354	-3495	-3434	//	-3605	-3598	-3522	-3469	-3420	//	-3524	-3426	-3595	-3532	-3597	//	-3552	-3522	-3626	-3577	-3431	//	-3472	-3439	-3374	-3611	-3648	//	-3648	

561	660	658	618	583	//	688	586	122	19	-131	//	-132	-137	-106	-109	141	//	681	778	580	649	659	//	12	-19	-41	-128	2	//	99	-21	79	-123	-127	//	900	842	823	824	897	//	927	1041	863	816	845	//	-76	-101	-122	19	36	//	85	17	95	101	-117	//	-3506	-3421	-3507	-3557	-3488	//	-3584	-3535	-3512	-3572	-3506	//	-3507	-3503	-3490	-3395	-3547	//	-3639	-3476	-3354	-3432	-3485	//	-3421	-3472	-3564	-3567	-3520	//	-3566	-3415	-3397	-3418	-3520	//	-3627	-3510	-3374	-3471	-3506	//	-3600	-3426	-3617	-3406	-3587	//	-3423	-3465	-3606	-3636	-3650	//	-3474	-3442	-3517	-3431	-3479	//	-3479	

611	798	604	791	597	//	739	568	-15	10	-141	//	-123	-148	24	-74	-73	//	820	727	775	574	639	//	-144	-27	-138	-86	97	//	113	-34	16	125	99	//	871	961	1000	852	899	//	852	867	1038	1022	869	//	41	106	-9	-48	39	//	74	15	-46	-74	-45	//	-3471	-3383	-3432	-3354	-3530	//	-3367	-3612	-3480	-3558	-3421	//	-3411	-3386	-3464	-3376	-3635	//	-3420	-3485	-3390	-3458	-3493	//	-3526	-3505	-3590	-3394	-3543	//	-3598	-3444	-3533	-3623	-3548	//	-3411	-3542	-3496	-3545	-3474	//	-3526	-3558	-3354	-3459	-3463	//	-3594	-3583	-3515	-3433	-3431	//	-3486	-3433	-3394	-3480	-3401	//	-3401	

568	736	834	764	775	//	829	735	129	52	106	//	-23	-75	-17	-59	24	//	677	758	571	786	688	//	84	-1	-74	-142	23	//	143	82	114	-5	-150	//	925	927	857	973	956	//	916	1029	865	1135	997	//	38	29	-13	30	39	//	-119	-118	-28	-130	147	//	-3439	-3385	-3482	-3538	-3515	//	-3605	-3351	-3587	-3643	-3541	//	-3557	-3489	-3519	-3582	-3504	//	-3446	-3361	-3532	-3398	-3439	//	-3542	-3374	-3570	-3537	-3644	//	-3526	-3617	-3378	-3629	-3360	//	-3382	-3395	-3532	-3486	-3583	//	-3479	-3461	-3599	-3644	-3606	//	-3525	-3614	-3577	-3529	-3419	//	-3646	-3538	-3407	-3473	-3450	//	-3450	

770	797	796	759	596	//	727	782	62	134	65	//	-145	-51	73	100	-25	//	685	687	811	605	808	//	-53	85	38	5	-66	//	-87	-98	-103	97	19	//	1053	922	933	1072	1034	//	1032	1105	1072	921	910	//	130	-114	-146	-142	19	//	-146	-109	-80	-45	-69	//	-3641	-3399	-3398	-3611	-3397	//	-3461	-3587	-3624	-3650	-3353	//	-3524	-3378	-3594	-3382	-3599	//	-3447	-3615	-3386	-3584	-3464	//	-3415	-3511	-3375	-3352	-3647	//	-3447	-3617	-3447	-3484	-3483	//	-3620	-3628	-3355	-3486	-3585	//	-3511	-3588	-3452	-3424	-3403	//	-3402	-3351	-3614	-3647	-3432	//	-3635	-3446	-3455	-3612	-3589	//	-3589	



743	752	887	669	784	//	717	662	-23	-55	-80	//	129	73	77	-105	95	//	738	868	643	688	651	//	64	-13	32	17	-60	//	-1	-24	-81	-136	56	//	1022	1079	1101	1164	1143	//	906	1119	1190	1039	1166	//	129	-90	-111	47	81	//	149	-33	-32	121	28	//	-3564	-3394	-3645	-3519	-3501	//	-3413	-3506	-3417	-3607	-3604	//	-3379	-3618	-3451	-3604	-3402	//	-3414	-3365	-3471	-3407	-3481	//	-3386	-3445	-3375	-3373	-3437	//	-3444	-3528	-3622	-3520	-3465	//	-3365	-3625	-3356	-3593	-3583	//	-3417	-3558	-3366	-3399	-3640	//	-3545	-3493	-3540	-3539	-3393	//	-3633	-3491	-3415	-3397	-3589	//	-3589	

905	707	772	691	918	//	743	882	98	-117	-57	//	62	-4	34	114	-144	//	851	835	777	855	694	//	-47	49	-134	-123	46	//	63	65	-83	-114	-62	//	1098	1151	1101	1168	952	//	1138	1197	975	1031	1192	//	-82	-114	79	149	20	//	71	-77	70	122	-88	//	-3353	-3503	-3477	-3515	-3406	//	-3543	-3401	-3608	-3606	-3400	//	-3593	-3540	-3419	-3575	-3618	//	-3421	-3383	-3617	-3568	-3393	//	-3477	-3635	-3394	-3611	-3378	//	-3377	-3589	-3462	-3358	-3636	//	-3645	-3581	-3471	-3552	-3404	//	-3422	-3606	-3399	-3584	-3629	//	-3527	-3383	-3642	-3634	-3408	//	-3564	-3479	-3433	-3441	-3615	//	-3615	

808	811	738	747	775	//	767	712	1	111	-110	//	-60	-117	63	-81	-43	//	676	926	752	683	716	//	127	-1	36	132	130	//	-64	-83	-32	25	-137	//	1030	1234	970	1240	962	//	1136	1073	1197	1031	1160	//	77	-143	96	-27	119	//	-107	-98	58	-74	-30	//	-3478	-3576	-3593	-3611	-3549	//	-3586	-3503	-3420	-3638	-3466	//	-3626	-3538	-3529	-3587	-3461	//	-3435	-3353	-3536	-3521	-3464	//	-3473	-3587	-3560	-3437	-3471	//	-3505	-3530	-3516	-3396	-3491	//	-3557	-3443	-3596	-3487	-3432	//	-3375	-3599	-3623	-3472	-3402	//	-3541	-3572	-3473	-3625	-3558	//	-3465	-3624	-3411	-3566	-3470	//	-3470	

904	773	743	866	689	//	938	943	19	0	-34	//	80	-2	-124	-100	-47	//	764	912	807	707	936	//	-93	124	-45	-39	135	//	-103	148	75	99	-129	//	1246	1009	1157	994	1004	//	1038	1255	1184	1251	1053	//	113	-39	-54	-3	-105	//	-86	-130	147	-95	43	//	-3632	-3357	-3631	-3525	-3505	//	-3638	-3486	-3544	-3599	-3474	//	-3588	-3444	-3456	-3363	-3533	//	-3611	-3361	-3444	-3592	-3367	//	-3391	-3548	-3575	-3493	-3530	//	-3366	-3403	-3574	-3555	-3587	//	-3487	-3627	-3512	-3452	-3394	//	-3466	-3369	-3612	-3538	-3381	//	-3368	-3504	-3455	-3386	-3388	//	-3477	-3602	-3471	-3449	-3613	//	-3613	

813	906	783	908	940	//	863	683	-69	-44	-9	//	144	134	33	-138	62	//	902	967	786	702	968	//	146	136	25	42	67	//	-127	-25	100	112	30	//	1214	1222	1063	1308	1095	//	1180	1159	1098	1192	1050	//	-97	-20	-114	15	88	//	4	-15	-140	107	-83	//	-3570	-3567	-3397	-3645	-3507	//	-3454	-3431	-3424	-3529	-3524	//	-3483	-3491	-3401	-3605	-3626	//	-3489	-3496	-3467	-3478	-3536	//	-3564	-3425	-3473	-3598	-3630	//	-3568	-3591	-3416	-3424	-3563	//	-3571	-3448	-3549	-3540	-3352	//	-3556	-3570	-3630	-3358	-3478	//	-3546	-3459	-3419	-3543	-3601	//	-3363	-3354	-3453	-3644	-3411	//	-3411	



-147	-2	-150	3	-102	//	-131	72	54	-69	101	//	-123	118	39	-37	15	//	-38	28	57	115	-52	//	47	-134	-106	-150	-120	//	-94	-135	43	35	29	//	66	106	61	97	-117	//	-129	-105	50	-96	77	//	-40	-118	96	-104	-135	//	-91	-47	31	-66	15	//	-2053	-1965	-1969	-2129	-2067	//	-2086	-1899	-2026	-2017	-1884	//	-1865	-2003	-1894	-2058	-1962	//	-2137	-1958	-1975	-2011	-1928	//	-3442	-3352	-3427	-3473	-3638	//	-3450	-3430	-3540	-3486	-3429	//	-3581	-3371	-3648	-3364	-3570	//	-3545	-3509	-3497	-3504	-3416	//	-3526	-3356	-3416	-3393	-3589	//	-3601	-3499	-3516	-3365	-3364	//	-3364	

-102	-35	-93	38	-123	//	-125	90	-96	-87	89	//	-44	-43	149	108	-40	//	135	33	-124	120	-124	//	-76	-94	-97	10	144	//	-113	44	-10	-86	-67	//	-17	-40	-119	18	-146	//	82	124	-111	58	-19	//	128	-64	-148	-96	-78	//	63	146	-105	-35	46	//	-2102	-1999	-1876	-1953	-1946	//	-1953	-1979	-1884	-2138	-1890	//	-2081	-2077	-1977	-1966	-1868	//	-2067	-1912	-1994	-2041	-1974	//	-3422	-3385	-3444	-3465	-3393	//	-3578	-3496	-3450	-3463	-3487	//	-3468	-3499	-3467	-3626	-3379	//	-3431	-3634	-3499	-3586	-3568	//	-3620	-3355	-3494	-3600	-3499	//	-3497	-3477	-3384	-3482	-3452	//	-3452	

-38	59	117	134	119	//	77	94	-36	35	-37	//	-109	52	122	139	-14	//	128	-13	-63	-47	-138	//	17	-111	-142	-51	38	//	-10	-130	65	-57	61	//	-45	-97	43	67	-140	//	-75	40	-125	83	136	//	-9	95	-28	95	16	//	78	-59	-17	-117	-22	//	-2073	-1944	-2107	-2102	-1944	//	-2049	-2089	-2016	-2029	-1944	//	-1915	-1897	-1879	-2040	-1930	//	-1909	-2093	-2032	-1984	-1963	//	-3441	-3425	-3599	-3574	-3559	//	-3536	-3378	-3369	-3508	-3587	//	-3550	-3560	-3521	-3636	-3456	//	-3449	-3511	-3413	-3390	-3469	//	-3465	-3381	-3394	-3467	-3438	//	-3493	-3615	-3492	-3492	-3374	//	-3374	

-63	-57	122	73	-129	//	-75	-57	16	-13	-54	//	-120	17	-40	91	14	//	-70	-135	7	-8	113	//	52	9	24	-20	-65	//	-102	36	118	140	86	//	-76	-33	-3	-87	146	//	6	111	62	12	114	//	-66	-20	-119	28	4	//	-48	7	112	41	142	//	-2126	-1962	-2007	-1974	-2082	//	-1908	-2047	-2043	-2035	-1898	//	-1974	-1887	-2005	-2131	-1934	//	-2108	-2040	-1927	-1928	-2105	//	-3396	-3372	-3628	-3386	-3639	//	-3597	-3566	-3505	-3644	-3365	//	-3429	-3381	-3605	-3384	-3440	//	-3405	-3402	-3520	-3481	-3478	//	-3645	-3460	-3355	-3600	-3579	//	-3437	-3517	-3622	-3544	-3512	//	-3512	

-103	130	-6	7	-139	//	74	132	-64	100	75	//	109	-73	81	-114	100	//	-81	46	92	-60	87	//	68	125	-127	-88	64	//	-143	99	-47	136	-42	//	-76	-109	-90	54	-132	//	70	-122	137	-134	-44	//	11	-38	72	-91	125	//	-102	141	-109	-12	39	//	-1887	-2110	-2150	-1958	-2093	//	-1974	-2104	-2040	-1904	-2146	//	-2139	-1930	-2073	-2028	-1910	//	-2061	-2050	-1964	-2005	-2140	//	-3446	-3580	-3371	-3467	-3420	//	-3561	-3402	-3619	-3619	-3560	//	-3469	-3575	-3429	-3384	-3574	//	-3366	-3490	-3518	-3572	-3610	//	-3581	-3558	-3610	-3494	-3447	//	-3473	-3473	-3405	-3452	-3576	//	-3576	



-144	96	-49	45	-5	//	-51	-5	-142	62	137	//	85	-60	75	117	-113	//	-77	35	61	101	48	//	1282	1335	1296	1392	1332	//	1245	1295	1476	1448	1411	//	-13	-21	61	-132	86	//	74	98	-122	-104	140	//	-42	115	22	18	-59	//	46	7	-31	-123	-6	//	-1926	-2003	-2058	-1983	-1934	//	-1926	-2147	-2132	-1988	-1860	//	-2084	-1973	-2135	-2041	-1957	//	-1860	-1964	-1976	-2048	-1907	//	-2362	-2464	-2491	-2490	-2414	//	-2290	-2437	-2535	-4379	-4605	//	-4506	-4351	-4415	-4407	-4483	//	-4621	-4630	-4396	-4570	-2515	//	-2412	-2514	-2433	-2482	-2277	//	-2445	-2352	-2521	-2393	-2282	//	-2282	

91	23	-144	-82	-75	//	-74	-69	119	41	-129	//	-39	-13	-138	-61	16	//	21	26	-79	-141	13	//	1318	1270	1504	1287	1521	//	1404	1491	1467	1440	1325	//	9	120	-138	73	3	//	102	-120	-131	118	52	//	67	-13	-97	-13	118	//	-147	82	60	-54	53	//	-2008	-1887	-2104	-1947	-1927	//	-2045	-1994	-2002	-2004	-2093	//	-2059	-2109	-1939	-2088	-1864	//	-2132	-2026	-2068	-2098	-2024	//	-2458	-2485	-2500	-2468	-2487	//	-2477	-2440	-2459	-4434	-4592	//	-4646	-4416	-4572	-4461	-4501	//	-4603	-4380	-4533	-4634	-2321	//	-2371	-2383	-2327	-2517	-2464	//	-2373	-2380	-2474	-2351	-2288	//	-2288	

3	116	47	-139	76	//	-86	24	-48	75	-36	//	-148	4	-39	-105	-106	//	51	-84	-106	-139	44	//	1464	1462	1358	1295	1489	//	1338	1264	1480	1380	1402	//	109	-64	131	99	106	//	59	-83	31	5	19	//	-104	-4	136	94	103	//	-146	-124	148	-76	99	//	-1919	-1891	-2129	-1870	-1953	//	-1898	-1868	-1891	-1913	-2030	//	-2114	-2123	-1907	-2012	-1959	//	-1915	-2073	-1912	-2070	-2105	//	-2285	-2494	-2410	-2308	-2303	//	-2539	-2491	-2403	-4375	-4396	//	-4517	-4568	-4565	-4402	-4540	//	-4587	-4415	-4548	-4644	-2345	//	-2546	-2477	-2375	-2525	-2352	//	-2442	-2435	-2274	-2306	-2344	//	-2344	

84	81	-33	-59	-25	//	-119	91	-81	-132	87	//	80	-42	127	139	-139	//	94	-62	-108	-95	-92	//	1378	1380	1402	1427	1480	//	1476	1401	1357	1322	1499	//	-93	51	53	-36	108	//	-63	-43	18	-113	-80	//	23	65	-46	-20	77	//	-39	44	37	-79	22	//	-1885	-1988	-1853	-1972	-2057	//	-2041	-1897	-2120	-1995	-1926	//	-2130	-2130	-2061	-2144	-1979	//	-1969	-2042	-2133	-2099	-2103	//	-2384	-2530	-2521	-2397	-2503	//	-2496	-2350	-2435	-4588	-4509	//	-4442	-4626	-4636	-4485	-4404	//	-4437	-4640	-4562	-4559	-2485	//	-2427	-2347	-2251	-2340	-2275	//	-2370	-2460	-2545	-2541	-2452	//	-2452	

45	-7	-8	-32	-145	//	72	-4	9	77	62	//	37	-124	-111	-57	59	//	-112	-60	-11	149	147	//	1579	1531	1559	1579	1533	//	1338	1469	1426	1421	1365	//	-73	-50	-146	59	51	//	-91	92	-9	-53	-60	//	-122	-12	-39	114	29	//	-58	20	32	24	42	//	-1854	-2064	-2100	-1882	-1959	//	-1933	-2107	-2030	-2117	-1938	//	-2119	-1902	-1979	-2096	-2146	//	-1879	-1964	-2063	-2105	-1984	//	-2524	-2494	-2539	-2371	-2276	//	-2549	-2274	-2287	-4460	-4633	//	-4602	-4356	-4613	-4363	-4409	//	-4451	-4352	-4578	-4484	-2386	//	-2514	-2492	-2334	-2371	-2495	//	-2262	-2424	-2503	-2331	-2434	//	-2434	



-125	-15	5	-105	-94	//	141	12	-130	-62	-143	//	-113	147	149	16	47	//	127	-88	-145	134	-58	//	1473	1455	1476	1591	1512	//	1472	1497	1408	1605	1545	//	-124	139	-17	-11	72	//	131	-75	-75	126	120	//	-121	124	-126	7	55	//	74	98	24	84	85	//	-2103	-1991	-2040	-2004	-2042	//	-1980	-1881	-1858	-2140	-1988	//	-2057	-1984	-2101	-2116	-1900	//	-1965	-2131	-1953	-1941	-1896	//	-2324	-2406	-2306	-2257	-2390	//	-2344	-2549	-2474	-4500	-4500	//	-4500	-4500	-4500	-4500	-4500	//	-4500	-4500	-4500	-4500	-2338	//	-2312	-2433	-2527	-2360	-2295	//	-2266	-2368	-2398	-2465	-2352	//	-2352	

-135	-90	-39	-99	-121	//	-70	28	-6	67	-68	//	57	-33	-97	108	121	//	-35	-125	113	32	-142	//	1578	1450	1419	1557	1576	//	1618	1404	1417	1577	1482	//	-108	-47	-54	88	12	//	26	19	95	-79	-22	//	126	-76	14	-128	135	//	-80	-26	144	85	15	//	-2037	-2142	-1960	-2073	-1888	//	-1957	-2059	-2020	-2069	-1929	//	-2071	-2116	-1956	-1916	-1948	//	-2092	-2050	-2106	-2060	-2109	//	-2425	-2507	-2364	-2482	-2372	//	-2350	-2281	-2505	-4600	-4600	//	-4600	-4600	-4600	-4600	-4600	//	-4600	-4600	-4600	-4600	-2433	//	-2529	-2256	-2369	-2346	-2358	//	-2513	-2541	-2276	-2305	-2385	//	-2385	

72	99	-43	-133	38	//	-125	53	59	-105	-109	//	4	83	148	-48	95	//	-85	59	-89	-116	-124	//	1556	1558	1607	1418	1470	//	1514	1702	1549	1613	1629	//	-103	134	32	-40	139	//	-67	119	44	22	-12	//	-68	-117	47	-95	58	//	66	-138	-63	-88	-104	//	-2009	-1970	-2007	-2122	-1929	//	-1863	-1851	-2036	-2071	-2040	//	-1872	-1876	-1904	-1984	-1922	//	-1950	-2023	-2140	-1896	-1949	//	-2272	-2289	-2315	-2344	-2411	//	-2277	-2504	-2529	-4700	-4700	//	-4700	-4700	-4700	-4700	-4700	//	-4700	-4700	-4700	-4700	-2347	//	-2333	-2340	-2311	-2428	-2499	//	-2289	-2298	-2389	-2267	-2452	//	-2452	

-32	142	-53	28	62	//	-77	100	-122	33	40	//	68	-51	-9	-65	-131	//	72	-139	-53	-114	-140	//	1562	1546	1507	1563	1682	//	1625	1607	1619	1484	1480	//	19	-14	132	-148	-59	//	13	-47	-82	-66	-113	//	-95	43	-51	100	-55	//	59	-33	13	131	-58	//	-1946	-1920	-1916	-2120	-2077	//	-1944	-1861	-2047	-1906	-2139	//	-2143	-1945	-2016	-1876	-1896	//	-2104	-2046	-2063	-1896	-1980	//	-2448	-2388	-2298	-2301	-2327	//	-2257	-2287	-2273	-4800	-4800	//	-4800	-4800	-4800	-4800	-4800	//	-4800	-4800	-4800	-4800	-2488	//	-2359	-2506	-2355	-2294	-2447	//	-2298	-2268	-2395	-2391	-2540	//	-2540	

74	-23	22	14	43	//	62	34	41	-77	109	//	-72	-132	-14	122	-86	//	96	97	75	147	116	//	1742	1639	1682	1563	1491	//	1702	1571	1634	1756	1506	//	-100	79	100	-25	-137	//	-20	-132	26	-96	36	//	114	142	122	126	-58	//	98	-107	46	25	84	//	-1871	-1883	-2105	-1976	-2118	//	-2069	-1901	-2081	-2080	-2005	//	-2120	-2091	-2101	-1999	-1872	//	-1957	-1935	-2079	-1908	-1858	//	-2305	-2517	-2360	-2253	-2468	//	-2427	-2318	-2513	-4900	-4900	//	-4900	-4900	-4900	-4900	-4900	//	-4900	-4900	-4900	-4900	-2319	//	-2340	-2288	-2410	-2444	-2521	//	-2499	-2501	-2352	-2252	-2518	//	-2518	



110	22	54	13	136	//	96	-130	-69	-141	-92	//	1	29	114	66	116	//	140	-30	-110	31	0	//	37	121	55	76	-87	//	-121	68	83	137	-24	//	20	-74	-11	-121	73	//	110	-22	-85	-8	109	//	92	-56	-42	132	31	//	-143	15	62	-73	-34	//	-1893	-2034	-1899	-1876	-2113	//	-2060	-2066	-1992	-1989	-2012	//	-1984	-1859	-1943	-2101	-1928	//	-2099	-1880	-2140	-1933	-2034	//	-2395	-2497	-2307	-2437	-2427	//	-2544	-2517	-2393	-5000	-5000	//	-5000	-5000	-5000	-5000	-5000	//	-5000	-5000	-5000	-5000	-2383	//	-2498	-2488	-2478	-2376	-2453	//	-2494	-2328	-2468	-2423	-2339	//	-2339	

-140	27	112	118	144	//	7	-56	101	31	-94	//	134	36	40	-53	88	//	47	85	-51	-58	104	//	97	134	-31	-12	56	//	-54	65	-98	69	36	//	-80	-26	77	52	-50	//	89	61	-106	-84	-122	//	-142	-78	28	-60	134	//	-19	70	-29	122	-118	//	-2131	-1870	-2048	-2102	-2137	//	-2035	-1903	-2133	-2108	-2086	//	-2009	-1875	-2091	-1895	-1864	//	-1961	-1864	-2074	-2143	-1909	//	-2358	-2343	-2515	-2355	-2437	//	-2497	-2438	-2284	-5100	-5100	//	-5100	-5100	-5100	-5100	-5100	//	-5100	-5100	-5100	-5100	-2398	//	-2512	-2324	-2297	-2493	-2466	//	-2487	-2307	-2419	-2475	-2359	//	-2359	

28	111	13	90	13	//	10	-100	61	97	-138	//	78	-83	-46	-42	-93	//	47	32	71	-1	-29	//	-132	-75	-120	102	77	//	-76	55	-5	-76	62	//	65	47	-86	-133	22	//	-75	-45	-58	35	42	//	-109	-138	113	-65	-13	//	133	-139	36	133	-25	//	-2056	-1985	-1931	-2094	-2040	//	-2134	-1989	-2048	-2148	-2090	//	-2125	-1993	-2132	-1982	-1852	//	-2110	-1918	-1907	-2112	-2108	//	-2295	-2327	-2490	-2533	-2396	//	-2479	-2413	-2529	-5200	-5200	//	-5200	-5200	-5200	-5200	-5200	//	-5200	-5200	-5200	-5200	-2311	//	-2435	-2305	-2437	-2293	-2488	//	-2409	-2448	-2397	-2401	-2328	//	-2328	

146	89	77	85	-18	//	53	37	-55	-18	98	//	147	-78	-87	-62	119	//	24	110	119	63	-107	//	-150	88	25	111	-94	//	-115	94	86	58	127	//	-22	96	-103	-21	-35	//	-28	-73	138	-31	-89	//	21	45	29	117	-56	//	117	-66	-7	-11	41	//	-2094	-2021	-1903	-1955	-2144	//	-2031	-2018	-1976	-2014	-1925	//	-2011	-1878	-1881	-2066	-1897	//	-1852	-1865	-1988	-2087	-2129	//	-2464	-2361	-2385	-2509	-2393	//	-2276	-2301	-2421	-5300	-5300	//	-5300	-5300	-5300	-5300	-5300	//	-5300	-5300	-5300	-5300	-2525	//	-2469	-2475	-2396	-2322	-2412	//	-2347	-2472	-2309	-2395	-2477	//	-2477	

18	142	21	-135	32	//	-136	39	31	-26	42	//	-31	19	36	-81	-118	//	1	63	128	41	136	//	-43	-22	-113	-64	120	//	74	87	77	-147	131	//	115	103	-47	51	-19	//	-99	-4	-138	50	18	//	41	120	71	66	142	//	90	101	33	-8	39	//	-2084	-2150	-2058	-1993	-1952	//	-1878	-1892	-1939	-2072	-2068	//	-1980	-2096	-1900	-1998	-2052	//	-1854	-2092	-1930	-1908	-2148	//	-2469	-2271	-2336	-2485	-2430	//	-2459	-2520	-2368	-5400	-5400	//	-5400	-5400	-5400	-5400	-5400	//	-5400	-5400	-5400	-5400	-2388	//	-2540	-2442	-2356	-2253	-2414	//	-2442	-2388	-2518	-2320	-2303	//	-2303	



-45	-107	-127	-61	-53	//	-113	46	-109	94	-147	//	-105	140	-134	1	68	//	-92	0	-137	31	30	//	104	-142	-34	-76	-112	//	83	-32	126	78	-85	//	-41	-41	77	-145	72	//	-114	-31	139	-25	127	//	60	172	-16	67	-47	//	18	221	197	25	-1	//	-1854	-1981	-1908	-2097	-1887	//	-2148	-1909	-2023	-2098	-1956	//	-1979	-2149	-2143	-1925	-1916	//	-1856	-1970	-1856	-1951	-1885	//	-2330	-2472	-2435	-2518	-2431	//	-2312	-2516	-2527	-5500	-5500	//	-5500	-5500	-5500	-5500	-5500	//	-5500	-5500	-5500	-5500	-2440	//	-2482	-2335	-2318	-2428	-2461	//	-2338	-2398	-2276	-2541	-2261	//	-2261	

85	-23	-5	-71	-77	//	58	-88	-62	-99	148	//	47	-93	107	-123	-83	//	-136	-1	-96	37	37	//	18	-89	-106	149	56	//	80	-139	-34	-141	121	//	-92	-72	-137	-19	-53	//	9	-124	-123	62	92	//	214	162	96	184	201	//	119	223	212	107	43	//	-1960	-1985	-1986	-1956	-1950	//	-2060	-2105	-2128	-2140	-2019	//	-2055	-1891	-2087	-1935	-1928	//	-1992	-2102	-1998	-1904	-1874	//	-2277	-2342	-2323	-2385	-2482	//	-2447	-2432	-2550	-5600	-5600	//	-5600	-5600	-5600	-5600	-5600	//	-5600	-5600	-5600	-5600	-2522	//	-2337	-2376	-2485	-2412	-2321	//	-2300	-2481	-2301	-2383	-2437	//	-2437	

-69	-29	81	-23	-18	//	-139	-97	-16	-72	104	//	118	20	130	-145	-102	//	-1	104	-139	-100	136	//	655	443	510	594	617	//	602	553	73	-92	132	//	25	52	-108	35	-75	//	23	-10	-38	-35	91	//	172	93	10	146	202	//	199	87	107	107	128	//	-1871	-1960	-2045	-2115	-2045	//	-1902	-2090	-2084	-2014	-2040	//	-1866	-2076	-2005	-1862	-1920	//	-2068	-1912	-2140	-2137	-2101	//	-2419	-2470	-2348	-2357	-2425	//	-2304	-2530	-2335	-5700	-5700	//	-5700	-5700	-5700	-5700	-5700	//	-5700	-5700	-5700	-5700	-2422	//	-2316	-2301	-2318	-2381	-2370	//	-2422	-2324	-2286	-2381	-2373	//	-2373	

-73	-19	-140	9	-117	//	103	-5	9	91	145	//	114	-41	-141	72	11	//	42	-91	134	-35	39	//	636	547	554	587	551	//	545	506	69	-94	26	//	100	-44	-43	-141	-94	//	-122	54	94	-80	-135	//	113	101	104	84	330	//	133	154	279	220	141	//	-2123	-2070	-1919	-2035	-2036	//	-2042	-1851	-2025	-2078	-1996	//	-2121	-1929	-2124	-1979	-2048	//	-2100	-2139	-2105	-1941	-1903	//	-2355	-2511	-2486	-2494	-2499	//	-2268	-2432	-2401	-5800	-5800	//	-5800	-5800	-5800	-5800	-5800	//	-5800	-5800	-5800	-5800	-2316	//	-2320	-2492	-2316	-2334	-2303	//	-2261	-2401	-2311	-2276	-2398	//	-2398	

91	147	-131	37	72	//	-45	-101	-46	107	29	//	124	118	-70	94	-32	//	120	-61	15	-96	-61	//	762	732	654	541	636	//	747	566	-133	-98	-18	//	112	-58	93	-130	100	//	-108	54	56	103	67	//	240	249	105	278	323	//	142	137	215	360	242	//	-2028	-2013	-1864	-2008	-1990	//	-2052	-1872	-2064	-2035	-2032	//	-1874	-2101	-2136	-2100	-1931	//	-2094	-1994	-1979	-1851	-1994	//	-2532	-2346	-2438	-2388	-2297	//	-2364	-2524	-2412	-5900	-5900	//	-5900	-5900	-5900	-5900	-5900	//	-5900	-5900	-5900	-5900	-2257	//	-2400	-2450	-2343	-2289	-2397	//	-2316	-2259	-2525	-2540	-2448	//	-2448	



-74	66	113	-16	-6	//	12	66	-96	-81	12	//	-69	-41	20	-3	68	//	-6	-83	68	-83	137	//	756	591	597	750	607	//	530	587	-106	64	84	//	86	47	-65	52	147	//	-149	75	-70	-7	-105	//	221	389	234	283	364	//	366	364	134	117	386	//	-1968	-1964	-1906	-2059	-1882	//	-2122	-2145	-1885	-2103	-2039	//	-2005	-1915	-2032	-2115	-1926	//	-1977	-2001	-1978	-2006	-1959	//	-2534	-2501	-2430	-2470	-2489	//	-2413	-2320	-2309	-6000	-6000	//	-6000	-6000	-6000	-6000	-6000	//	-6000	-6000	-6000	-6000	-2387	//	-2267	-2397	-2344	-2356	-2465	//	-2405	-2513	-2302	-2343	-2476	//	-2476	

63	-41	-89	-96	-83	//	140	33	-38	-105	148	//	-92	-99	2	40	11	//	108	-124	88	-19	84	//	653	616	781	742	590	//	580	662	-59	62	-22	//	-11	-85	82	-90	15	//	-103	121	-64	-41	-51	//	331	269	276	383	356	//	142	210	357	176	148	//	-1917	-2024	-2065	-1919	-1910	//	-1864	-1860	-2098	-1910	-2121	//	-2150	-1996	-2018	-2031	-1941	//	-1990	-1880	-2120	-2080	-2076	//	-2394	-2432	-2299	-2435	-2459	//	-2474	-2498	-2393	-6100	-6100	//	-6100	-6100	-6100	-6100	-6100	//	-6100	-6100	-6100	-6100	-2406	//	-2492	-2474	-2254	-2343	-2391	//	-2308	-2266	-2382	-2429	-2486	//	-2486	

33	55	87	-74	30	//	35	-40	-43	-121	-41	//	14	81	29	105	100	//	-88	-58	118	64	-70	//	123	-50	-127	-82	48	//	55	54	-139	-53	7	//	40	113	-39	-24	-35	//	-122	-92	-104	67	-144	//	432	318	405	409	303	//	394	205	249	258	301	//	-2083	-2148	-2085	-1881	-1931	//	-1983	-2056	-1851	-1986	-1977	//	-2028	-1951	-2000	-1959	-2050	//	-1917	-2070	-1962	-2118	-2000	//	-2550	-2366	-2483	-2355	-2491	//	-2269	-2525	-2396	-6200	-6200	//	-6200	-6200	-6200	-6200	-6200	//	-6200	-6200	-6200	-6200	-2482	//	-2492	-2353	-2378	-2426	-2258	//	-2267	-2482	-2271	-2348	-2514	//	-2514	

56	21	180	129	141	//	30	61	129	-47	-97	//	89	-39	10	-14	-4	//	-26	89	99	-117	4	//	-62	-136	-45	-20	-147	//	124	-67	19	146	-9	//	-91	-34	15	-124	128	//	-7	-61	-102	-133	-132	//	346	337	283	327	360	//	471	404	278	351	440	//	-2109	-1897	-1865	-1864	-2110	//	-2071	-2082	-1896	-1934	-2066	//	-2085	-1886	-1950	-1986	-1894	//	-2042	-2004	-1912	-2146	-2094	//	-2303	-2366	-2335	-2471	-2274	//	-2395	-2260	-2546	-6300	-6300	//	-6300	-6300	-6300	-6300	-6300	//	-6300	-6300	-6300	-6300	-2359	//	-2424	-2251	-2475	-2374	-2352	//	-2485	-2267	-2397	-2418	-2315	//	-2315	

52	-69	160	170	-5	//	210	35	154	51	18	//	111	47	-69	-33	99	//	97	-123	147	100	124	//	84	49	45	-125	86	//	-72	1	-39	131	138	//	146	19	34	11	18	//	-81	80	23	140	136	//	468	340	303	518	468	//	459	331	486	224	464	//	-2083	-1892	-2012	-2126	-1939	//	-2109	-2120	-1958	-2101	-1971	//	-1880	-1933	-2062	-1898	-1963	//	-1996	-2015	-2131	-1891	-1971	//	-2512	-2537	-2269	-2403	-2277	//	-2298	-2279	-2523	-6400	-6400	//	-6400	-6400	-6400	-6400	-6400	//	-6400	-6400	-6400	-6400	-2268	//	-2505	-2364	-2253	-2282	-2470	//	-2406	-2539	-2460	-2299	-2374	//	-2374	



-122	-49	25	-143	-133	//	61	-80	53	-12	-119	//	-72	81	82	-53	-127	//	-136	-24	-129	106	65	//	652	846	920	714	912	//	752	895	1	-18	139	//	107	-41	140	63	-32	//	134	-106	88	134	119	//	19	-132	109	100	-147	//	15	-135	139	-6	37	//	-1976	-2111	-2047	-2063	-1876	//	-2120	-1980	-2024	-1882	-1987	//	-1975	-2005	-2038	-2112	-1902	//	-2018	-1874	-1907	-1924	-2038	//	-2251	-2532	-2523	-2264	-2344	//	-2447	-2474	-2469	-6500	-6500	//	-6500	-6500	-6500	-6500	-6500	//	-6500	-6500	-6500	-6500	-2285	//	-2455	-2505	-2365	-2443	-2381	//	-2456	-2549	-2537	-2441	-2354	//	-2354	

-103	28	93	-121	129	//	-137	-148	137	143	-58	//	112	-28	99	-84	102	//	-58	32	-25	-104	14	//	862	758	873	703	680	//	749	773	48	-48	30	//	-67	-150	-33	-3	84	//	-128	-70	41	58	-51	//	47	-125	-54	-99	4	//	-81	-30	108	2	17	//	-2060	-1943	-1936	-2015	-1957	//	-2040	-2005	-1861	-2010	-2040	//	-1966	-1957	-2014	-2100	-2043	//	-1851	-1993	-2019	-1966	-2004	//	-2398	-2374	-2382	-2278	-2550	//	-2424	-2379	-2264	-6600	-6600	//	-6600	-6600	-6600	-6600	-6600	//	-6600	-6600	-6600	-6600	-2280	//	-2505	-2398	-2381	-2295	-2526	//	-2503	-2268	-2294	-2505	-2517	//	-2517	

-61	94	-27	-75	94	//	52	-61	23	-80	28	//	-28	132	147	41	149	//	100	131	0	-120	-124	//	743	754	955	817	828	//	942	954	35	-81	-117	//	67	-29	15	8	90	//	71	-21	73	88	-128	//	-74	78	69	41	16	//	121	49	90	-88	88	//	-2108	-2023	-1880	-1890	-2086	//	-1932	-1852	-2113	-1954	-1976	//	-2034	-1888	-1894	-1873	-2107	//	-2015	-2126	-2136	-2135	-2095	//	-2521	-2371	-2369	-2528	-2285	//	-2275	-2371	-2423	-6700	-6700	//	-6700	-6700	-6700	-6700	-6700	//	-6700	-6700	-6700	-6700	-2334	//	-2407	-2300	-2476	-2355	-2476	//	-2546	-2347	-2421	-2291	-2257	//	-2257	

116	-38	75	-98	-37	//	-34	117	55	-19	122	//	-69	100	124	-53	-144	//	-74	18	-120	22	81	//	884	752	841	805	926	//	831	925	-132	-127	-49	//	147	40	100	-105	-107	//	-68	103	-129	-7	-79	//	121	-109	47	-33	-128	//	-130	-148	-146	70	95	//	-2125	-2129	-2011	-2052	-1941	//	-2100	-2036	-1934	-1902	-2002	//	-1946	-2078	-2039	-1993	-2085	//	-2047	-2027	-2024	-1920	-1880	//	-2378	-2520	-2289	-2282	-2411	//	-2360	-2476	-2407	-6800	-6800	//	-6800	-6800	-6800	-6800	-6800	//	-6800	-6800	-6800	-6800	-2308	//	-2514	-2306	-2396	-2529	-2523	//	-2341	-2405	-2368	-2463	-2536	//	-2536	

-134	-20	-71	-117	-104	//	-43	99	31	121	100	//	-49	73	-128	-48	111	//	-109	33	1	-143	-85	//	771	1022	938	918	780	//	1002	996	-57	110	50	//	-12	16	-71	-9	118	//	-60	-104	-25	-57	87	//	-31	-123	95	-49	-97	//	45	-97	71	-10	-115	//	-1909	-1965	-2105	-1906	-1947	//	-2097	-1992	-1921	-2049	-2017	//	-2056	-2034	-1930	-1911	-1872	//	-2030	-1859	-1911	-1879	-1860	//	-6961	-7112	-7039	-6859	-6900	//	-7013	-6903	-7048	-7116	-7149	//	-6992	-7013	-7036	-6965	-7040	//	-6894	-6879	-7080	-7093	-6923	//	-6884	-6923	-7136	-7076	-7072	//	-7067	-6913	-6901	-7045	-6896	//	-6896	



129	137	29	94	-89	//	85	-141	-44	-125	-82	//	10	112	-130	113	8	//	147	25	-76	60	-7	//	887	1003	966	1090	1008	//	905	822	-80	111	15	//	-132	-6	-82	119	-63	//	59	-47	-110	125	14	//	112	26	68	-4	-2	//	148	-128	-129	121	18	//	-1993	-2094	-2149	-2058	-1876	//	-2092	-2101	-1982	-1893	-1873	//	-1898	-1976	-1985	-2017	-1954	//	-2058	-2031	-1996	-2021	-1873	//	-7090	-6896	-7133	-7044	-7127	//	-6934	-6866	-6899	-7036	-7008	//	-7112	-6902	-6926	-7005	-6967	//	-6887	-6950	-7087	-7122	-6856	//	-6923	-7121	-7088	-6902	-7147	//	-6980	-6914	-6894	-7051	-7067	//	-7067	

-56	70	-141	146	-20	//	62	-140	-100	77	131	//	137	-128	-45	-118	126	//	95	22	-7	-141	-58	//	1118	979	967	1050	935	//	1122	932	-117	11	114	//	99	-95	-94	130	-14	//	-128	131	74	27	-105	//	-42	11	-57	118	-62	//	118	47	-124	-84	7	//	-2087	-2148	-2126	-2114	-1919	//	-1905	-1995	-2092	-2086	-1954	//	-2116	-2045	-2060	-1929	-1914	//	-1976	-2004	-1949	-2065	-2065	//	-6926	-7094	-6904	-7145	-7072	//	-7034	-7029	-7073	-7106	-6934	//	-6990	-7002	-6893	-6874	-6998	//	-7122	-6919	-7076	-6934	-6925	//	-7120	-6857	-7114	-6851	-7119	//	-6854	-6933	-6964	-6969	-7029	//	-7029	

111	-80	101	0	64	//	53	21	121	52	114	//	37	1	72	-11	105	//	-31	-16	117	11	-47	//	91	-72	-22	-129	70	//	47	72	95	115	-51	//	132	-33	-12	70	-41	//	-33	-135	89	66	146	//	-2	96	55	91	-63	//	-81	127	65	-54	-120	//	-2044	-1903	-1992	-1939	-2037	//	-1901	-2117	-2145	-1851	-2093	//	-2071	-1891	-1979	-1948	-2055	//	-1975	-1854	-1908	-1933	-2018	//	-6985	-7063	-6899	-7079	-6924	//	-6911	-7071	-7012	-7059	-6876	//	-6941	-7141	-6968	-6901	-6872	//	-6978	-6986	-7047	-7063	-6990	//	-6897	-7109	-6946	-6951	-7111	//	-7118	-6912	-7041	-7072	-6939	//	-6939	

-133	137	112	144	-64	//	-42	128	51	-149	32	//	-17	-138	-17	-41	-92	//	-94	120	45	-76	-87	//	-147	111	-34	33	-84	//	0	-148	28	-26	48	//	68	5	109	-20	-2	//	-98	-133	-26	27	-109	//	-7	-21	97	-114	-104	//	12	-33	-5	26	1	//	-1921	-1876	-2143	-2109	-1990	//	-1886	-1983	-2112	-1954	-2110	//	-1865	-1969	-1873	-2044	-1904	//	-1926	-2037	-2112	-2117	-2004	//	-6877	-6999	-7069	-6957	-6940	//	-6897	-7079	-7027	-7078	-7111	//	-6963	-7116	-7059	-7095	-6922	//	-7026	-6912	-6888	-6897	-7030	//	-6881	-6870	-6886	-6967	-7091	//	-7069	-7024	-6865	-7008	-7117	//	-7117	

43	89	-18	-147	-64	//	38	-99	69	-31	-55	//	2	54	-47	93	-125	//	-138	-39	-122	46	-57	//	117	-123	-95	-117	6	//	104	-93	-126	113	119	//	129	46	-112	92	-31	//	15	-97	-92	39	70	//	74	-89	-40	-130	-60	//	107	67	-69	111	132	//	-2077	-1889	-1885	-2051	-2045	//	-2098	-2043	-1988	-1890	-1891	//	-2045	-2040	-1941	-1986	-2143	//	-2036	-2067	-2018	-2137	-1998	//	-6987	-7109	-6863	-6968	-6896	//	-6926	-7099	-6885	-6908	-6980	//	-6928	-7063	-7084	-6941	-7019	//	-6990	-7112	-6863	-6970	-6985	//	-7067	-6871	-7150	-6945	-6996	//	-7017	-6969	-7113	-6927	-7013	//	-7013	



144	53	61	-3	106	//	45	-51	-91	-25	-56	//	114	-124	143	-108	-103	//	-45	-37	-13	-131	-38	//	103	23	-58	13	40	//	-1	-25	106	74	115	//	-64	-132	5	-80	-40	//	-92	135	56	-21	142	//	61	84	-84	10	-139	//	114	69	-127	68	98	//	-2002	-1890	-2080	-1935	-2135	//	-2079	-2147	-1945	-2006	-2102	//	-1967	-1969	-2075	-2055	-1881	//	-2008	-2053	-1905	-2083	-1963	//	-6955	-6980	-7146	-6907	-6875	//	-7095	-7083	-7022	-7126	-7095	//	-6995	-7122	-7015	-7004	-6894	//	-6941	-7122	-7100	-6918	-6992	//	-7054	-7017	-6864	-6875	-7129	//	-7089	-7074	-7010	-6914	-6949	//	-6949	

102	-122	-85	132	136	//	112	-143	-38	78	-76	//	-83	-128	-134	-68	56	//	-51	-19	107	-73	126	//	-143	31	47	-150	145	//	-54	-31	-99	71	-113	//	61	114	97	-18	-102	//	-63	-20	131	-19	56	//	-33	-53	-29	-124	131	//	40	-100	108	90	-26	//	-1980	-2002	-2096	-2010	-2004	//	-1983	-2025	-2146	-1976	-2021	//	-1928	-2053	-1872	-1955	-1911	//	-1869	-2113	-1921	-2104	-2088	//	-6891	-6925	-6972	-7120	-7070	//	-6889	-6953	-6950	-7045	-6872	//	-7078	-6995	-7140	-7062	-6948	//	-7135	-7094	-7123	-7072	-7090	//	-6997	-6880	-6896	-6864	-6885	//	-6961	-7044	-7031	-7105	-7147	//	-7147	

-14	-10	-14	56	114	//	-24	3	22	-1	111	//	79	-23	46	-1	112	//	5	-54	-148	-85	-117	//	83	7	75	-45	3	//	22	-124	141	-13	33	//	-64	-77	-19	-52	-47	//	-53	1	-118	-117	-132	//	42	127	0	51	-17	//	-103	81	25	41	-101	//	-2038	-2120	-2003	-1977	-1876	//	-2143	-2013	-2008	-2051	-2034	//	-2083	-1907	-2074	-2034	-1854	//	-1960	-2116	-1996	-1884	-2126	//	-6918	-7015	-7084	-6973	-7080	//	-7003	-6885	-6905	-7052	-6859	//	-7030	-6880	-6918	-6873	-7123	//	-6904	-6966	-6925	-6951	-7024	//	-7012	-7105	-7083	-7091	-6947	//	-7110	-7124	-7117	-6992	-7019	//	-7019	

67	89	131	-5	-64	//	116	-44	-85	146	102	//	136	116	-28	-18	-7	//	-140	45	79	60	116	//	-62	137	-118	-58	-30	//	32	138	-97	49	74	//	28	-105	-38	-145	79	//	-103	-61	-128	-142	-123	//	-122	125	88	-132	129	//	114	98	91	-23	-121	//	-1891	-1901	-1947	-1911	-1937	//	-1901	-1946	-1880	-1926	-2004	//	-1997	-1931	-2115	-2106	-2148	//	-2000	-1908	-1882	-2009	-2010	//	-6962	-6930	-7095	-7113	-7034	//	-6874	-7111	-7054	-6905	-6965	//	-6921	-6860	-6878	-7027	-6915	//	-7101	-7073	-6974	-6891	-7113	//	-6892	-7002	-7023	-6907	-7098	//	-6914	-7016	-7039	-6939	-7016	//	-7016	

-131	60	77	-24	104	//	134	100	-56	-14	15	//	73	44	-98	98	-67	//	31	65	62	111	-2	//	32	139	-109	-25	133	//	52	101	134	135	-9	//	-135	128	-114	-93	-150	//	50	-148	-66	-79	-6	//	-134	-137	-100	-96	5	//	85	50	-148	105	125	//	-2000	-2075	-2111	-2095	-1854	//	-2119	-2127	-1910	-2027	-2076	//	-2074	-1934	-2058	-1873	-1891	//	-2023	-2111	-1917	-2129	-2112	//	-7044	-6949	-6894	-6983	-6911	//	-6881	-7005	-7120	-7132	-6909	//	-7053	-7069	-6864	-7051	-7098	//	-6868	-6973	-6867	-6961	-6994	//	-6968	-6970	-7047	-6853	-6861	//	-7013	-7037	-6897	-6934	-6899	//	-6899	



-1068	-1138	-997	-851	-990	//	-912	-1042	-1061	-882	-882	//	-1139	-967	-1124	-908	-984	//	-1069	-1092	-980	-1001	-902	//	-1087	-968	-1608	-1606	-1528	//	-1574	-1649	-871	-931	-1007	//	-892	-1001	-1001	-1076	-864	//	-863	-1058	-1112	-862	-1111	//	-1647	-1606	-1748	-1624	-1488	//	-1664	-1546	-1542	-1722	-1706	//	-1000	-1109	-947	-914	-1033	//	-1142	-1119	-856	-932	-1030	//	-1122	-983	-993	-984	-1036	//	-901	-993	-1055	-900	-937	//	-6885	-7066	-6910	-6869	-7032	//	-7089	-6922	-7093	-6922	-7041	//	-7080	-6929	-7001	-6948	-6937	//	-6901	-6956	-7104	-7040	-7147	//	-6875	-7112	-6933	-6936	-6903	//	-7148	-6982	-6919	-7012	-7114	//	-7114	

-1060	-1054	-1148	-1095	-1045	//	-936	-1140	-1070	-972	-893	//	-1114	-884	-921	-1145	-1115	//	-1040	-1136	-937	-971	-1093	//	-858	-929	-1422	-1497	-1634	//	-1533	-1612	-989	-1060	-1094	//	-1051	-1025	-918	-1043	-979	//	-1131	-1003	-1003	-1125	-926	//	-1705	-1460	-1640	-1693	-1653	//	-1601	-1726	-1488	-1623	-1533	//	-901	-1046	-961	-1093	-1124	//	-882	-1115	-1146	-896	-942	//	-1014	-1077	-1145	-896	-1053	//	-1124	-1077	-1066	-1023	-955	//	-6886	-6946	-7014	-6854	-7103	//	-6978	-7120	-7092	-7042	-6886	//	-6871	-6884	-7003	-6984	-6934	//	-6886	-6919	-6979	-6922	-7042	//	-6863	-7065	-7047	-7031	-6873	//	-7051	-6917	-7067	-7149	-7077	//	-7077	

-1037	-874	-944	-867	-1038	//	-1000	-904	-935	-1098	-1041	//	-854	-1053	-1026	-851	-1100	//	-1113	-955	-1136	-971	-1070	//	-878	-866	-1635	-1440	-1489	//	-1383	-1465	-1014	-895	-1043	//	-913	-1047	-1060	-1116	-944	//	-964	-1050	-1111	-866	-1055	//	-1745	-1679	-1500	-1746	-1694	//	-1550	-1714	-1455	-1554	-1643	//	-923	-863	-980	-904	-863	//	-999	-1014	-1119	-925	-1000	//	-962	-1144	-1012	-1065	-1093	//	-886	-1097	-944	-996	-1030	//	-7116	-6968	-7080	-7063	-7107	//	-6976	-7110	-6962	-7114	-7061	//	-7069	-6904	-6874	-7134	-7049	//	-6935	-7082	-7132	-7078	-7123	//	-6959	-7066	-6931	-7029	-7061	//	-7088	-7133	-7022	-7067	-7003	//	-7003	

-858	-885	-900	-1001	-1063	//	-861	-943	-1051	-1029	-1083	//	-1077	-1015	-1040	-975	-1076	//	-990	-919	-978	-1115	-969	//	-1082	-891	-1352	-1481	-1563	//	-1626	-1410	-1148	-919	-1056	//	-874	-1054	-1080	-947	-1001	//	-1000	-961	-903	-951	-1066	//	-1672	-1655	-1733	-1689	-1694	//	-1551	-1678	-1711	-1663	-1746	//	-1119	-992	-966	-1091	-1123	//	-966	-1133	-932	-1148	-931	//	-1027	-956	-885	-1073	-858	//	-1115	-1069	-998	-1062	-1052	//	-7035	-7055	-7120	-7048	-6944	//	-6940	-6942	-7073	-6853	-7120	//	-7087	-6891	-7060	-6956	-7143	//	-7121	-6973	-7025	-6991	-6958	//	-7040	-6870	-7127	-7137	-7040	//	-7066	-6878	-7038	-6880	-7127	//	-7127	

-883	-1022	-948	-933	-1008	//	-1087	-990	-1072	-1076	-1063	//	-1044	-888	-1149	-1028	-1088	//	-1038	-1043	-958	-905	-968	//	-1051	-1092	-1463	-1527	-1372	//	-1478	-1559	-1119	-1005	-1035	//	-874	-933	-956	-1015	-1111	//	-878	-910	-973	-1006	-1039	//	-1596	-1710	-1630	-1541	-1558	//	-1546	-1467	-1486	-1557	-1700	//	-890	-1141	-1085	-897	-994	//	-931	-1137	-921	-1073	-1053	//	-981	-1084	-896	-878	-985	//	-938	-1141	-1107	-1130	-852	//	-6939	-6856	-6943	-7105	-6939	//	-7108	-7129	-6899	-6997	-6892	//	-7065	-7003	-6953	-7071	-6958	//	-7116	-6892	-6949	-7068	-6916	//	-6988	-7031	-6915	-7128	-7051	//	-7091	-6921	-6922	-7036	-7065	//	-7065	



-1002	-899	-949	-888	-956	//	-1035	-1138	-1562	-1395	-1428	//	-1396	-1450	-869	-1010	-1013	//	-1079	-908	-922	-871	-854	//	-862	-1004	-970	-1109	-1097	//	-993	-1031	-912	-1005	-963	//	-888	-1068	-921	-946	-915	//	-990	-870	-904	-1096	-1012	//	-1551	-1514	-1688	-1640	-1563	//	-1618	-1680	-1470	-1476	-1717	//	-1119	-1099	-1133	-876	-936	//	-869	-940	-930	-969	-913	//	-858	-914	-963	-1077	-906	//	-1061	-1135	-1091	-994	-874	//	-7136	-7076	-7140	-7000	-6922	//	-6963	-7111	-7096	-6976	-6962	//	-6875	-6957	-6914	-6985	-6882	//	-6948	-6896	-7129	-6962	-6965	//	-7001	-7019	-7109	-7139	-7004	//	-7001	-7049	-7075	-6911	-7092	//	-7092	

-1140	-1052	-1132	-1095	-886	//	-909	-1141	-1491	-1509	-1493	//	-1484	-1601	-910	-908	-914	//	-1119	-1080	-1075	-952	-960	//	-920	-1075	-867	-899	-1061	//	-962	-972	-1129	-1036	-965	//	-1136	-963	-1131	-1101	-890	//	-856	-908	-969	-1100	-901	//	-1456	-1681	-1615	-1735	-1570	//	-1711	-1521	-1516	-1686	-1684	//	-1099	-1010	-1101	-955	-1149	//	-941	-1035	-1068	-883	-936	//	-945	-1131	-1024	-1138	-907	//	-1017	-1015	-951	-1133	-1134	//	-6993	-6950	-7143	-6879	-7146	//	-6926	-7024	-7117	-6912	-6979	//	-7145	-6855	-7080	-7137	-7071	//	-6853	-7049	-7062	-6962	-7007	//	-6994	-7093	-7142	-6930	-7042	//	-7102	-6962	-7033	-7075	-6909	//	-6909	

-888	-1141	-942	-859	-1107	//	-889	-880	-1380	-1613	-1595	//	-1500	-1551	-1082	-1124	-1122	//	-1145	-853	-1019	-957	-1139	//	-972	-1050	-955	-883	-954	//	-1078	-995	-955	-1144	-1147	//	-955	-856	-856	-1036	-1039	//	-1081	-1136	-968	-1081	-964	//	-1569	-1644	-1461	-1748	-1646	//	-1711	-1714	-1536	-1532	-1599	//	-887	-921	-1116	-863	-941	//	-904	-917	-1064	-851	-1134	//	-935	-1106	-999	-1146	-1141	//	-1130	-1100	-1056	-1015	-886	//	-6954	-6887	-7016	-7092	-6933	//	-7150	-6993	-6855	-7005	-6870	//	-7000	-6989	-7051	-7068	-6944	//	-7108	-6917	-6942	-7146	-7114	//	-7132	-7029	-7023	-7066	-6933	//	-7065	-6920	-6898	-6935	-6932	//	-6932	

-863	-1027	-871	-1137	-1005	//	-1135	-1054	-1386	-1499	-1624	//	-1547	-1395	-1014	-988	-917	//	-1148	-1065	-908	-1148	-1056	//	-871	-1050	-874	-1129	-1018	//	-1107	-899	-1127	-1100	-927	//	-1045	-883	-944	-1132	-1005	//	-948	-885	-1140	-1057	-950	//	-1460	-1498	-1668	-1710	-1701	//	-1572	-1570	-1459	-1621	-1567	//	-954	-1056	-898	-948	-861	//	-1091	-890	-964	-1103	-878	//	-1070	-1115	-873	-1073	-892	//	-1144	-1062	-875	-1101	-1106	//	-6876	-7026	-6929	-7108	-7054	//	-7024	-7096	-6935	-7018	-6997	//	-6924	-6948	-7116	-6983	-7103	//	-7127	-6932	-7021	-6968	-7113	//	-6913	-7028	-7037	-7145	-6949	//	-6996	-7022	-7119	-6921	-6860	//	-6860	

-859	-876	-958	-964	-1010	//	-1142	-1088	-1500	-1557	-1647	//	-1609	-1592	-1130	-900	-923	//	-882	-1104	-1140	-1002	-1025	//	-1059	-1084	-1033	-893	-958	//	-983	-1140	-1112	-1061	-1080	//	-1010	-1095	-978	-954	-1110	//	-902	-892	-875	-1083	-1068	//	-1745	-1689	-1563	-1524	-1592	//	-1498	-1696	-1648	-1634	-1609	//	-990	-1027	-869	-927	-1013	//	-1082	-909	-1127	-964	-1083	//	-1034	-945	-996	-972	-1128	//	-1021	-1129	-1014	-1093	-889	//	-7020	-6973	-6896	-7065	-6993	//	-7004	-7101	-6965	-7138	-7016	//	-7051	-6932	-7118	-6957	-6981	//	-6944	-7093	-7061	-6935	-6904	//	-7047	-7039	-7067	-6923	-7030	//	-7134	-7136	-7129	-6863	-7146	//	-7146	



-1124	-1027	-860	-858	-860	//	-1126	-1045	-1150	-904	-932	//	-1052	-1099	-907	-1126	-1133	//	-1113	-932	-1141	-909	-912	//	-957	-927	-966	-969	-1115	//	-1127	-993	-1071	-1128	-1055	//	-880	-971	-1115	-1121	-1095	//	-864	-1004	-1042	-1126	-1040	//	-1650	-1507	-1700	-1675	-1648	//	-1699	-1587	-1550	-1514	-1710	//	-1097	-1102	-966	-857	-1077	//	-930	-1048	-954	-948	-1138	//	-1060	-919	-997	-1010	-912	//	-934	-1130	-1036	-1068	-1000	//	-7139	-7086	-7140	-6938	-7143	//	-6910	-7034	-7105	-6903	-6964	//	-7124	-6906	-7022	-6947	-6959	//	-7123	-6894	-7081	-7069	-7031	//	-7077	-6866	-6915	-6910	-7143	//	-7143	-6886	-6880	-7077	-7031	//	-7031	

-948	-1021	-1112	-1010	-1106	//	-896	-928	-1041	-992	-1078	//	-973	-894	-857	-1095	-1139	//	-899	-877	-946	-940	-922	//	-964	-1078	-1054	-1134	-952	//	-858	-1108	-1010	-1098	-1013	//	-991	-960	-875	-1122	-931	//	-1013	-960	-905	-1033	-1106	//	-1516	-1684	-1675	-1709	-1675	//	-1661	-1505	-1486	-1558	-1467	//	-1025	-951	-904	-1115	-907	//	-971	-968	-996	-885	-1004	//	-1137	-980	-874	-868	-1130	//	-1048	-1045	-1127	-878	-1139	//	-6878	-7008	-7113	-7131	-6937	//	-6902	-6958	-6854	-7051	-6964	//	-7110	-6896	-7073	-7025	-6954	//	-7042	-7090	-6920	-7067	-7061	//	-7102	-6999	-7046	-7150	-7072	//	-7071	-6985	-6893	-6871	-6998	//	-6998	

-956	-941	-976	-918	-1083	//	-1133	-1133	-907	-1108	-921	//	-1008	-910	-916	-1005	-856	//	-1054	-1142	-923	-1004	-938	//	-946	-1005	-884	-905	-959	//	-1063	-1071	-891	-1115	-1038	//	-881	-1105	-1088	-968	-933	//	-852	-964	-1046	-1078	-913	//	-1504	-1554	-1534	-1745	-1515	//	-1723	-1520	-1734	-1687	-1741	//	-934	-1096	-852	-1103	-1147	//	-872	-952	-975	-880	-1080	//	-1135	-870	-860	-1104	-876	//	-1053	-1026	-910	-1138	-995	//	-6862	-7138	-6867	-7063	-7031	//	-7008	-7144	-7112	-6907	-7133	//	-6913	-6981	-6964	-7093	-6962	//	-6889	-7104	-7094	-6892	-6878	//	-6929	-7144	-7084	-7062	-6858	//	-6949	-7122	-6982	-7085	-6868	//	-6868	

-906	-1037	-1149	-967	-1061	//	-918	-1103	-1034	-1004	-925	//	-1111	-1054	-983	-1059	-985	//	-862	-864	-1074	-1092	-1054	//	-853	-989	-1066	-889	-959	//	-1140	-1126	-1150	-1113	-948	//	-1093	-1045	-1121	-943	-1091	//	-958	-1015	-1000	-1118	-1099	//	-1697	-1720	-1705	-1581	-1595	//	-1493	-1501	-1504	-1470	-1602	//	-1051	-1100	-1110	-977	-1024	//	-979	-858	-1076	-887	-1112	//	-855	-996	-1132	-881	-889	//	-958	-1076	-1137	-880	-913	//	-7135	-7010	-7145	-6929	-6964	//	-7041	-6994	-7061	-6881	-7118	//	-7124	-6958	-6860	-7013	-6913	//	-7116	-7051	-6882	-6990	-6854	//	-7057	-6939	-7018	-7119	-6933	//	-7052	-6993	-6926	-7108	-6855	//	-6855	

-1031	-1048	-960	-1072	-969	//	-862	-1096	-1068	-978	-904	//	-886	-872	-1125	-865	-889	//	-937	-1081	-893	-1149	-940	//	-1070	-893	-964	-1080	-966	//	-1111	-1006	-958	-1042	-989	//	-936	-1119	-1137	-892	-1007	//	-1140	-1081	-915	-1009	-982	//	-1500	-1624	-1486	-1705	-1454	//	-1482	-1527	-1543	-1585	-1638	//	-1113	-949	-950	-1126	-943	//	-1124	-908	-1099	-909	-896	//	-977	-1132	-1149	-851	-1008	//	-868	-1085	-868	-1066	-896	//	-6851	-6856	-6886	-7098	-7145	//	-6961	-6975	-7031	-7080	-6984	//	-6955	-6898	-7072	-7081	-6972	//	-7026	-6851	-7048	-6928	-6960	//	-7130	-6947	-7108	-6900	-7024	//	-7066	-6915	-7069	-7032	-6994	//	-6994	



-945	-950	-1077	-876	-1051	//	-933	-982	-964	-872	-888	//	-1515	-1632	-1451	-1602	-1560	//	-899	-976	-862	-1012	-906	//	-1066	-1048	-1135	-972	-896	//	-1053	-1117	-1458	-1598	-1494	//	-1584	-1603	-948	-1055	-1002	//	-1037	-1123	-1058	-979	-981	//	-1703	-1552	-1597	-1666	-1707	//	-1535	-1716	-1643	-1590	-1582	//	-1011	-1139	-1018	-1009	-1006	//	-918	-1076	-856	-952	-1044	//	-893	-1066	-1020	-903	-908	//	-1058	-1112	-1006	-957	-1145	//	-7147	-6986	-7104	-7142	-6954	//	-6884	-6874	-7132	-7012	-6974	//	-7119	-6875	-6999	-6906	-7076	//	-7135	-6964	-6977	-7024	-6938	//	-7132	-7075	-6866	-7012	-7010	//	-7010	-7146	-6920	-7023	-7045	//	-7045	

-881	-955	-1126	-1131	-1119	//	-1095	-994	-946	-1085	-1003	//	-1422	-1580	-1478	-1460	-1576	//	-1033	-1085	-1055	-914	-1025	//	-892	-923	-917	-1010	-966	//	-868	-858	-1596	-1398	-1356	//	-1644	-1388	-884	-900	-1034	//	-1103	-1069	-1074	-901	-894	//	-1669	-1554	-1589	-1507	-1620	//	-1650	-1467	-1636	-1612	-1462	//	-857	-1069	-982	-1028	-1093	//	-948	-1062	-1064	-941	-1090	//	-961	-1102	-883	-1073	-852	//	-1078	-928	-1090	-1069	-1096	//	-7046	-6900	-6990	-6923	-7142	//	-7034	-7057	-6922	-7013	-7017	//	-7029	-6988	-6918	-7150	-7065	//	-7124	-6858	-7091	-7129	-7137	//	-6986	-6853	-6892	-6983	-7112	//	-6962	-7003	-6863	-7100	-6949	//	-6949	

-880	-900	-891	-1066	-1103	//	-996	-952	-855	-903	-863	//	-1567	-1557	-1474	-1483	-1554	//	-1080	-1093	-900	-1015	-1022	//	-996	-1110	-1082	-1134	-1074	//	-963	-905	-1597	-1516	-1450	//	-1405	-1633	-903	-857	-1008	//	-989	-923	-1141	-961	-893	//	-1710	-1479	-1639	-1747	-1719	//	-1641	-1598	-1695	-1601	-1731	//	-876	-1005	-862	-1001	-945	//	-895	-995	-991	-970	-1051	//	-1126	-1031	-984	-1058	-1005	//	-871	-1101	-1059	-1045	-1123	//	-6905	-6947	-7107	-6908	-6898	//	-7130	-7079	-6963	-6968	-7069	//	-6932	-6934	-6980	-6882	-6865	//	-6988	-6860	-7069	-7140	-6934	//	-7094	-7100	-7011	-7126	-7123	//	-6872	-6940	-7116	-7059	-6944	//	-6944	

-1087	-858	-1125	-990	-1067	//	-927	-857	-1050	-914	-910	//	-1605	-1563	-1531	-1494	-1396	//	-898	-933	-884	-1047	-918	//	-919	-1051	-931	-999	-982	//	-1071	-1008	-1483	-1481	-1420	//	-1620	-1598	-1112	-911	-977	//	-1119	-980	-1139	-1114	-860	//	-1456	-1493	-1720	-1616	-1684	//	-1532	-1651	-1601	-1535	-1519	//	-1054	-993	-936	-917	-941	//	-1056	-1005	-887	-991	-1041	//	-1148	-1020	-1042	-1009	-1061	//	-902	-941	-936	-1012	-917	//	-6978	-6978	-6860	-7013	-6919	//	-6955	-7067	-7023	-6910	-6957	//	-7014	-7014	-6973	-6875	-7126	//	-7148	-6961	-6926	-7114	-7030	//	-6936	-6919	-7092	-7005	-6914	//	-7044	-7103	-7102	-7084	-7042	//	-7042	

-1013	-851	-1029	-924	-1109	//	-963	-1071	-1001	-1113	-852	//	-1571	-1400	-1597	-1524	-1416	//	-920	-1007	-991	-866	-1043	//	-964	-1044	-1106	-1128	-921	//	-949	-953	-1446	-1466	-1501	//	-1436	-1462	-898	-948	-944	//	-864	-1105	-1062	-914	-953	//	-1632	-1630	-1616	-1542	-1719	//	-1464	-1721	-1633	-1600	-1461	//	-981	-1073	-1053	-885	-1020	//	-987	-853	-1049	-913	-961	//	-869	-888	-1037	-954	-943	//	-1100	-911	-871	-1105	-872	//	-6893	-7085	-6892	-7054	-6981	//	-7146	-6910	-6852	-7069	-7002	//	-7075	-6969	-7112	-6915	-6971	//	-7077	-6966	-7026	-7020	-7026	//	-7144	-7125	-6928	-7014	-6963	//	-7144	-6928	-6992	-6921	-7060	//	-7060	



-1013	-851	-1029	-924	-1109	//	-963	-1071	-1001	-1113	-852	//	-1571	-1400	-1597	-1524	-1416	//	-920	-1007	-991	-866	-1043	//	-964	-1044	-1106	-1128	-921	//	-949	-953	-1446	-1466	-1501	//	-1436	-1462	-898	-948	-944	//	-864	-1105	-1062	-914	-953	//	-1632	-1630	-1616	-1542	-1719	//	-1464	-1721	-1633	-1600	-1461	//	-981	-1073	-1053	-885	-1020	//	-987	-853	-1049	-913	-961	//	-869	-888	-1037	-954	-943	//	-1100	-911	-871	-1105	-872	//	-6893	-7085	-6892	-7054	-6981	//	-7146	-6910	-6852	-7069	-7002	//	-7075	-6969	-7112	-6915	-6971	//	-7077	-6966	-7026	-7020	-7026	//	-7144	-7125	-6928	-7014	-6963	//	-7144	-6928	-6992	-6921	-7060	//	-7060

