-240	-83	-62	-193	-164	//	-169	-89	-131	-286	-151	//	-165	-245	-310	-155	-247	//	-73	-341	-327	-257	-144	//	-200	-86	-69	-144	-324	//	-104	-195	-204	-185	-300	//	-270	-169	-273	-131	-92	//	-73	-52	-297	-340	-342	//	-287	-197	-290	-142	-272	//	-147	-180	-134	-263	-119	//	-160	-3017	-3092	-3125	-3039	//	-3133	-2997	-2897	-2942	-2918	//	-3115	-2883	-2925	-3012	-2991	//	-3003	-2982	-3056	-2936	-3051	//	-3033	-2936	-2921	-3062	-3104	//	-2929	-2975	-2981	-2889	-2959	//	-3113	-2982	-2977	-3138	-2985	//	-3143	-3018	-2972	-3140	-2866	//	-2858	-3111	-2954	-3037	-3117	//	-2998	-3133	-3144	-2993	-2854	//	-3082	

-157	-322	-168	-348	-245	//	-54	-340	-306	-234	-84	//	-258	-304	-335	-143	-161	//	-319	-172	-101	-158	-87	//	-321	-67	-291	-62	-181	//	-262	-243	-257	-121	-169	//	-326	-304	-321	-244	-244	//	-212	-136	-105	-53	-102	//	-70	-155	-224	-68	-187	//	-77	-154	-253	-327	-102	//	-70	-3123	-3054	-3072	-3014	//	-2919	-2852	-3095	-2914	-2897	//	-2912	-3070	-2953	-2934	-3135	//	-3055	-2918	-2936	-2933	-3105	//	-2869	-2883	-2900	-2911	-2997	//	-3116	-3026	-3148	-2871	-2860	//	-2877	-3115	-2974	-3048	-2911	//	-3066	-2919	-3116	-3106	-3097	//	-3028	-2878	-2983	-3107	-3127	//	-2990	-2941	-3090	-2995	-3065	//	-3120	

-153	-335	-285	-253	-311	//	-336	-281	-223	-307	-146	//	-132	-102	-52	-180	-213	//	-182	-289	-163	-134	-110	//	-304	-121	-171	-79	-73	//	-160	-170	-161	-238	-162	//	-259	-203	-262	-85	-259	//	-273	-197	-318	-76	-203	//	-324	-268	-241	-338	-311	//	-285	-87	-112	-261	-222	//	-301	-3022	-3132	-3009	-2966	//	-3135	-3080	-3079	-2923	-3040	//	-2903	-2992	-2926	-2896	-2932	//	-3033	-3047	-3024	-2859	-3103	//	-2862	-2970	-2985	-3037	-2978	//	-3064	-2970	-3137	-2886	-3061	//	-2989	-2883	-3028	-2908	-3149	//	-2991	-3133	-3130	-2920	-2962	//	-3081	-2866	-2873	-3005	-2993	//	-3136	-2943	-2976	-3130	-3017	//	-3106	

-131	-190	-148	-191	-241	//	-152	-117	-326	-163	-214	//	-272	-198	-87	-345	-157	//	-234	-320	-161	-159	-72	//	-203	-159	-314	-151	-141	//	-101	-175	-327	-66	-247	//	-249	-97	-262	-154	-209	//	-62	-215	-119	-277	-91	//	-212	-87	-138	-160	-226	//	-294	-340	-324	-296	-290	//	-171	-2961	-3114	-2859	-3078	//	-3026	-3020	-3046	-2913	-2963	//	-2930	-3085	-3096	-2874	-3103	//	-2935	-3040	-2965	-2944	-2855	//	-3044	-2961	-2880	-2904	-2903	//	-2931	-2972	-3004	-3042	-2903	//	-3102	-2939	-2865	-2999	-3121	//	-3127	-2928	-3034	-3113	-3068	//	-2869	-2852	-3021	-2979	-2922	//	-3095	-2915	-2997	-2950	-2953	//	-3132	

-147	-301	-215	-79	-86	//	-227	-350	-217	-154	-135	//	-234	-340	-349	-287	-113	//	-270	-63	-192	-199	-109	//	-126	-312	-142	-335	-150	//	-139	-201	-273	-219	-59	//	-162	-299	-72	-249	-282	//	-172	-200	-85	-274	-264	//	-205	-107	-270	-292	-176	//	-235	-181	-122	-217	-344	//	-288	-3112	-3065	-2894	-3128	//	-3056	-3101	-3074	-2951	-3071	//	-3067	-2906	-2944	-3012	-2886	//	-3036	-3074	-2940	-3096	-2907	//	-2943	-3106	-2870	-3094	-2911	//	-3027	-2924	-2922	-3061	-3053	//	-2919	-2974	-2958	-2877	-3145	//	-3015	-3027	-3147	-2986	-2908	//	-2987	-3115	-3087	-3117	-3035	//	-3060	-2965	-2862	-2922	-2979	//	-2876	



-99	-81	-83	-174	-115	//	-141	-328	-280	-247	-166	//	-158	-254	-291	-345	-110	//	-306	-294	-103	-189	-139	//	-100	-67	-198	-208	-94	//	-86	-243	-264	-310	-204	//	-69	-125	-189	-191	-350	//	-164	-75	-123	-297	-85	//	-224	-55	-282	-186	-219	//	-137	-97	-175	-232	-104	//	-118	-2949	-3000	-2999	-3064	//	-3077	-3093	-2866	-3148	-3024	//	-3145	-2950	-3105	-3043	-3123	//	-3098	-3116	-3102	-2994	-3079	//	-3116	-3027	-3015	-3005	-3085	//	-3130	-3133	-3006	-3010	-3129	//	-3049	-3062	-2978	-2984	-3066	//	-3009	-3036	-3059	-2956	-2926	//	-2945	-2937	-2951	-2905	-2868	//	-2981	-2923	-2910	-2937	-2965	//	-2944	

-139	-86	-78	-337	-245	//	-147	-88	-90	-71	-139	//	-128	-313	-124	-104	-299	//	-111	-339	-92	-334	-169	//	-172	-52	-143	-196	-164	//	-222	-109	-270	-147	-221	//	-249	-176	-319	-158	-93	//	-85	-216	-59	-174	-166	//	-337	-54	-111	-139	-255	//	-309	-95	-99	-147	-290	//	-266	-2973	-3118	-3106	-3065	//	-3059	-3108	-2911	-3040	-2888	//	-2916	-2856	-2998	-2995	-2921	//	-2966	-2977	-2909	-3081	-3034	//	-2952	-3117	-2859	-2908	-2876	//	-3000	-3003	-2893	-3028	-3005	//	-2906	-2938	-2967	-2924	-3037	//	-2926	-2912	-3009	-3133	-2866	//	-3081	-2920	-2942	-2917	-3007	//	-3089	-3095	-2928	-2986	-3071	//	-2982	

-100	-140	-87	-307	-309	//	-97	-144	-231	-304	-66	//	-194	-211	-330	-168	-326	//	-345	-281	-308	-194	-151	//	-101	-79	-127	-329	-261	//	-221	-293	-74	-277	-92	//	-320	-148	-101	-136	-63	//	-203	-277	-231	-142	-325	//	-173	-196	-178	-336	-172	//	-150	-270	-245	-59	-93	//	-82	-3026	-2977	-3037	-3085	//	-3069	-2960	-2868	-3097	-2942	//	-2928	-3082	-2851	-2955	-2997	//	-2989	-2890	-3016	-2983	-2957	//	-2944	-3111	-3049	-3088	-2885	//	-3139	-2993	-2909	-3061	-2990	//	-2960	-2890	-3120	-3133	-2877	//	-3104	-2990	-2865	-2905	-3091	//	-2935	-2898	-2986	-2997	-2982	//	-2863	-3099	-3099	-3092	-3101	//	-3048	

-301	-252	-173	-132	-327	//	-326	-93	-301	-292	-187	//	-248	-104	-208	-177	-173	//	-228	-284	-181	-143	-137	//	-256	-127	-260	-200	-157	//	-207	-51	-204	-281	-308	//	-164	-112	-205	-251	-109	//	-302	-52	-230	-193	-219	//	-165	-323	-71	-262	-103	//	-101	-122	-109	-160	-88	//	-140	-3144	-3005	-3047	-3026	//	-3035	-3002	-2907	-2876	-2951	//	-3101	-3063	-3023	-3094	-3094	//	-2976	-3133	-2858	-3082	-3145	//	-3013	-3092	-2938	-2922	-2962	//	-3051	-2851	-2992	-3143	-3085	//	-3065	-2953	-2915	-2870	-2999	//	-3013	-2880	-2978	-2919	-3050	//	-2886	-2874	-3041	-3101	-3051	//	-2868	-2979	-3145	-3010	-3049	//	-2952	

-231	-78	-312	-275	-92	//	-339	-75	-307	-65	-150	//	-235	-119	-68	-306	-235	//	-317	-230	-324	-327	-182	//	-111	-173	-347	-333	-178	//	-136	-320	-285	-260	-188	//	-339	-251	-299	-196	-255	//	-226	-121	-204	-154	-180	//	-189	-237	-157	-190	-79	//	-171	-346	-320	-250	-140	//	-335	-2976	-2859	-2880	-3131	//	-3127	-3002	-2913	-3122	-3025	//	-3105	-3098	-2912	-3046	-3047	//	-3127	-2945	-3017	-3149	-3109	//	-2855	-3094	-3144	-3085	-2929	//	-2961	-3044	-3047	-3128	-3089	//	-2977	-3061	-2934	-2944	-3106	//	-3068	-3038	-3021	-2996	-2871	//	-3096	-2852	-2950	-3122	-3031	//	-2859	-2984	-3010	-3125	-3133	//	-2931	



-124	-199	-257	-330	-321	//	-348	-134	-140	-225	-289	//	-281	-166	-171	-276	-173	//	-116	-181	-95	-64	-237	//	-82	-112	-281	-313	-290	//	-345	-160	-341	-138	-220	//	-134	-72	-267	-222	-256	//	-198	-94	-225	-159	-127	//	-112	-248	-311	-286	-137	//	-160	-234	-136	-346	-347	//	-156	-2949	-2998	-2927	-3070	//	-3127	-3150	-3086	-3134	-3097	//	-3087	-2973	-3036	-3064	-3007	//	-3043	-3136	-3013	-2964	-2894	//	-3136	-3016	-3131	-2883	-3073	//	-3125	-2908	-3071	-2984	-3099	//	-2941	-2922	-3112	-2971	-3058	//	-2877	-3060	-2980	-3036	-2870	//	-2885	-3079	-3149	-3010	-3134	//	-3142	-3064	-2932	-2885	-2859	//	-3011	

-265	-187	-264	-319	-316	//	-344	-186	-52	-77	-158	//	-217	-92	-96	-166	-264	//	-83	-86	-279	-304	-326	//	-128	-300	-332	-63	-305	//	-309	-100	-137	-75	-79	//	-67	-99	-103	-110	-119	//	-335	-319	-120	-123	-285	//	-294	-150	-122	-176	-132	//	-64	-68	-277	-121	-335	//	-86	-2853	-3141	-3148	-3087	//	-2890	-3051	-3025	-2940	-2947	//	-2973	-3073	-2955	-3071	-2952	//	-2890	-3037	-3053	-3118	-2945	//	-2974	-2975	-2889	-3094	-2861	//	-2888	-3040	-3106	-3107	-2928	//	-2875	-2955	-3059	-2965	-3109	//	-2949	-2922	-2970	-2892	-3061	//	-2918	-2930	-3113	-3144	-2989	//	-3092	-2943	-3095	-3129	-2859	//	-2851	

-82	-224	-337	-247	-147	//	-131	-337	-214	-110	-89	//	-171	-216	-116	-211	-94	//	-348	-107	-131	-63	-151	//	-182	-108	-270	-65	-180	//	-318	-74	-89	-176	-157	//	-62	-343	-340	-312	-304	//	-168	-348	-80	-252	-198	//	-306	-273	-132	-299	-110	//	-74	-219	-153	-141	-127	//	-176	-2906	-2968	-2932	-2970	//	-3015	-2857	-3141	-3044	-3054	//	-2934	-2927	-3117	-3134	-3083	//	-3123	-3028	-2904	-3119	-2940	//	-3042	-2954	-2911	-2932	-2977	//	-3066	-2945	-2867	-3073	-2909	//	-3089	-2906	-3002	-3079	-3083	//	-3063	-3116	-3063	-3030	-2908	//	-3052	-3150	-2953	-2935	-2898	//	-2979	-3022	-3097	-3108	-3086	//	-3130	

-222	-102	-60	-289	-158	//	-194	-267	-248	-227	-104	//	-280	-100	-111	-249	-182	//	-107	-89	-242	-99	-76	//	-153	-124	-340	-169	-291	//	-195	-288	-219	-118	-193	//	-299	-306	-259	-174	-109	//	-123	-58	-257	-174	-196	//	-202	-275	-82	-349	-207	//	-241	-141	-235	-350	-268	//	-189	-2883	-3125	-2941	-3105	//	-2898	-2921	-2913	-3083	-3016	//	-2926	-3019	-3079	-2883	-3099	//	-2887	-3013	-3015	-3125	-3052	//	-3145	-3049	-2964	-3135	-3046	//	-3087	-2938	-2921	-2862	-3116	//	-2901	-2896	-2922	-3027	-2855	//	-3130	-2873	-2975	-2902	-3007	//	-2868	-2978	-3004	-2902	-3074	//	-2984	-2938	-2985	-2899	-3043	//	-3099	

-116	-214	-115	-196	-84	//	-53	-317	-200	-114	-106	//	-114	-315	-344	-298	-231	//	-161	-140	-160	-85	-294	//	-187	-305	-348	-93	-274	//	-119	-282	-191	-260	-212	//	-207	-104	-336	-206	-53	//	-199	-134	-303	-292	-204	//	-328	-249	-108	-348	-249	//	-73	-168	-277	-131	-325	//	-295	-3072	-2907	-2864	-2987	//	-3145	-3086	-3099	-2897	-2987	//	-2923	-3080	-3025	-2915	-3118	//	-2857	-2872	-2893	-3085	-3144	//	-2883	-2879	-2955	-3014	-3096	//	-3071	-3095	-2878	-2998	-2916	//	-2851	-2917	-2991	-2965	-3008	//	-2970	-2876	-3064	-3071	-2946	//	-3069	-3110	-3035	-2947	-3027	//	-3026	-3116	-2923	-3068	-2945	//	-3116	



-75	-76	-305	-302	-346	//	-324	-341	-317	-270	-161	//	-213	-228	-332	-171	-81	//	-177	-63	-72	-237	-312	//	-212	-285	-56	-340	-72	//	-262	-307	-199	-207	-280	//	-141	-260	-277	-73	-210	//	-162	-137	-189	-98	-336	//	-217	-312	-186	-273	-150	//	-56	-148	-324	-198	-258	//	-333	-3043	-2996	-2918	-3104	//	-2866	-3136	-2898	-3118	-3091	//	-2866	-2938	-2915	-2997	-2982	//	-3095	-2937	-3011	-2895	-2938	//	-3130	-2920	-3071	-3060	-3097	//	-2851	-2866	-3046	-3109	-2903	//	-2885	-2960	-2976	-3082	-3083	//	-3024	-2888	-3020	-3031	-2882	//	-3001	-2959	-3136	-2948	-3020	//	-3026	-2906	-3046	-2952	-2873	//	-3112	

-168	-277	-153	-135	-97	//	-231	-142	-162	-124	-258	//	-219	-246	-255	-65	-126	//	-173	-275	-285	-267	-269	//	-148	-78	-60	-172	-271	//	-55	-129	-112	-309	-65	//	-155	-231	-227	-126	-106	//	-94	-195	-155	-206	-100	//	-227	-169	-331	-285	-207	//	-158	-295	-117	-58	-230	//	-347	-2978	-2910	-2894	-3098	//	-3148	-3082	-2942	-3036	-3017	//	-2925	-2904	-3018	-2909	-3111	//	-2886	-2897	-3020	-3145	-2951	//	-3090	-2992	-2971	-3038	-3045	//	-3064	-2992	-3089	-3120	-2917	//	-2878	-3002	-2955	-3133	-3000	//	-3037	-2961	-2982	-2943	-2879	//	-2895	-3053	-2946	-2883	-3102	//	-2925	-3100	-3009	-3059	-3064	//	-2888	

-85	-123	-336	-124	-207	//	-83	-153	-173	-246	-287	//	-55	-259	-296	-337	-299	//	-236	-282	-184	-146	-160	//	-87	-272	-236	-340	-228	//	-167	-169	-257	-170	-315	//	-96	-116	-174	-217	-78	//	-138	-270	-318	-177	-327	//	-167	-94	-232	-273	-97	//	-151	-151	-148	-55	-324	//	-298	-2862	-2865	-3113	-2961	//	-2894	-2920	-2952	-3083	-2931	//	-2959	-3132	-2934	-3001	-2949	//	-3003	-2947	-2880	-3036	-2973	//	-2876	-3050	-2870	-3089	-3099	//	-2939	-3032	-3042	-2951	-2853	//	-3030	-3017	-2872	-2956	-2966	//	-2983	-2913	-2913	-2854	-3118	//	-3060	-3018	-3046	-3061	-3115	//	-2934	-3096	-2958	-2890	-2967	//	-3033	

-122	-305	-253	-296	-78	//	-190	-266	-151	-169	-209	//	-183	-263	-51	-125	-104	//	-127	-166	-156	-249	-76	//	-173	-144	-97	-87	-239	//	-158	-56	-345	-315	-105	//	-335	-136	-287	-74	-98	//	-61	-239	-87	-306	-84	//	-278	-54	-121	-232	-197	//	-261	-280	-97	-89	-306	//	-238	-2912	-3040	-2990	-2934	//	-2924	-3085	-2932	-2859	-3013	//	-3015	-3002	-3067	-3106	-3041	//	-3005	-2895	-2873	-2941	-2927	//	-2867	-3112	-2927	-2930	-3065	//	-3059	-2977	-3036	-3077	-3011	//	-3038	-2894	-2868	-3143	-2897	//	-2944	-3007	-3043	-3133	-2857	//	-3083	-2867	-3057	-3146	-2932	//	-3119	-2908	-2870	-2941	-3015	//	-2900	

-125	-168	-98	-128	-164	//	-265	-53	-292	-153	-306	//	-155	-275	-301	-74	-165	//	-334	-96	-80	-217	-169	//	-237	-83	-57	-119	-316	//	-282	-303	-59	-195	-111	//	-160	-83	-83	-119	-92	//	-75	-301	-285	-338	-201	//	-301	-192	-198	-280	-227	//	-177	-221	-160	-254	-235	//	-70	-3030	-2856	-3136	-3013	//	-2998	-3042	-2949	-2933	-3019	//	-3118	-3070	-2960	-2907	-2983	//	-2969	-2956	-2878	-3069	-2943	//	-3021	-2871	-2984	-3112	-2856	//	-3087	-2988	-3144	-3008	-2966	//	-2980	-2934	-2973	-2900	-3149	//	-2898	-3088	-2906	-3138	-2884	//	-2971	-2960	-2864	-3062	-2986	//	-2872	-3062	-2861	-3071	-3098	//	-2944	



-137	-196	-157	-157	-255	//	-133	-142	-179	-333	-238	//	-94	-148	-258	-184	-214	//	-105	-177	-313	-239	-133	//	-325	-291	-238	-73	-147	//	-260	-62	-67	-250	-68	//	-179	-89	-316	-201	-164	//	-93	-236	-212	-178	-285	//	-178	-239	-70	-183	-71	//	-105	-225	-324	-64	-138	//	-208	-3107	-2986	-3053	-2960	//	-3000	-2873	-3084	-3077	-3067	//	-3139	-2861	-2913	-2914	-3112	//	-2928	-3079	-2945	-2945	-3062	//	-2975	-3138	-3064	-2890	-2935	//	-3129	-3085	-3061	-3001	-2862	//	-2864	-3029	-2978	-2955	-3003	//	-2871	-3015	-3123	-3131	-3079	//	-2864	-2947	-2985	-3048	-3079	//	-3112	-3040	-3087	-2940	-3118	//	-3091	

-135	-232	-218	-231	-320	//	-280	-309	-131	-191	-230	//	-318	-337	-203	-61	-58	//	-294	-267	-111	-160	-334	//	-80	-128	-72	-59	-310	//	-170	-230	-334	-200	-301	//	-235	-102	-99	-131	-56	//	-162	-141	-315	-100	-90	//	-316	-312	-245	-123	-91	//	-184	-212	-325	-186	-136	//	-187	-2078	-1944	-2149	-2029	//	-1919	-1910	-1930	-1995	-1976	//	-1976	-1967	-2098	-1986	-1873	//	-1934	-2037	-1962	-1949	-2030	//	-3962	-3958	-4044	-3898	-4015	//	-4145	-3979	-4097	-3965	-3917	//	-4056	-4029	-4062	-3907	-4039	//	-3894	-4048	-3999	-4030	-4119	//	-4150	-4030	-3907	-3957	-3996	//	-3934	-3990	-3890	-4025	-3951	//	-3888	

-202	-103	-282	-231	-93	//	-279	-312	-129	-126	-112	//	-302	-52	-215	-191	-248	//	-221	-280	-82	-292	-300	//	-316	-124	-82	-232	-277	//	-169	-159	-138	-98	-200	//	-165	-321	-154	-315	-159	//	-213	-180	-307	-280	-294	//	-183	-298	-331	-167	-198	//	-63	-114	-158	-275	-99	//	-233	-2101	-1878	-2060	-1994	//	-1945	-1981	-1936	-1953	-2148	//	-2039	-1929	-1923	-2025	-1996	//	-2041	-2137	-2149	-1997	-1917	//	-3957	-3973	-4134	-4023	-3873	//	-4045	-3938	-4086	-4001	-3937	//	-3895	-3915	-3980	-3897	-3953	//	-3920	-3883	-3952	-4138	-4071	//	-3924	-3942	-3977	-3993	-3930	//	-4031	-4118	-3938	-4080	-4076	//	-3894	

-314	-334	-148	-121	-131	//	-112	-346	-70	-184	-84	//	-131	-240	-129	-171	-335	//	-264	-282	-349	-77	-172	//	-192	-331	-154	-60	-292	//	-106	-317	-165	-349	-100	//	-250	-240	-281	-284	-85	//	-77	-217	-316	-113	-187	//	-96	-193	-92	-193	-162	//	-227	-280	-225	-339	-139	//	-230	-2086	-1940	-2051	-1901	//	-2088	-1874	-2119	-2045	-1924	//	-1936	-1960	-1978	-1855	-2056	//	-2131	-2001	-2078	-2131	-1868	//	-4008	-3861	-3979	-3874	-3956	//	-3887	-3878	-4119	-4080	-4062	//	-4003	-3855	-4001	-3933	-3902	//	-4012	-4118	-4072	-4002	-4025	//	-3860	-3941	-4037	-4141	-3981	//	-4074	-3925	-3951	-4027	-3856	//	-3934	

-206	-205	-348	-173	-320	//	-178	-73	-129	-73	-131	//	-284	-269	-143	-231	-85	//	-115	-154	-59	-113	-93	//	-323	-58	-206	-213	-175	//	-168	-182	-56	-299	-216	//	-154	-173	-344	-96	-155	//	-69	-342	-295	-285	-82	//	-223	-248	-286	-246	-335	//	-212	-262	-303	-104	-190	//	-259	-1911	-2102	-2082	-1860	//	-2072	-1873	-2056	-2015	-1903	//	-2116	-1933	-1937	-1911	-2150	//	-1995	-1871	-1940	-2137	-2095	//	-4005	-3854	-3894	-3928	-4114	//	-4030	-4017	-3883	-4003	-3902	//	-3939	-3996	-4105	-3908	-4065	//	-3997	-3862	-4141	-3901	-3856	//	-4125	-4068	-4094	-3991	-4017	//	-4059	-4078	-4060	-4136	-4042	//	-4049	



-313	-334	-113	-190	-119	//	-90	-65	-319	-105	-261	//	-168	-151	-112	-168	-311	//	-66	-215	-321	-262	-137	//	-54	-347	-304	-141	-261	//	-121	-118	-226	-100	-106	//	-251	-206	-71	-156	-143	//	-66	-85	-162	-78	-90	//	-150	-208	-304	-215	-91	//	-112	-205	-107	-264	-230	//	-125	-2113	-1891	-1967	-1947	//	-2144	-1989	-1999	-1963	-2047	//	-2011	-2020	-2055	-2020	-1871	//	-2134	-1943	-2095	-1873	-2056	//	-4147	-3862	-3978	-4032	-3999	//	-4093	-3902	-3853	-3954	-4109	//	-3955	-3926	-4074	-3875	-3855	//	-3855	-4017	-4148	-3877	-3977	//	-3860	-4009	-4132	-4003	-3861	//	-3918	-3901	-3990	-4098	-3865	//	-3980	

-182	-134	-118	-197	-268	//	-93	-159	-226	-255	-174	//	-108	-117	-140	-203	-153	//	-85	-127	-81	-341	-206	//	-335	-187	-327	-60	-159	//	-194	-213	-299	-154	-76	//	-248	-222	-101	-115	-192	//	-262	-206	-137	-74	-202	//	-197	-328	-255	-330	-242	//	-118	-196	-71	-221	-228	//	-231	-2043	-1903	-2009	-2038	//	-1971	-2080	-2058	-2065	-1883	//	-2110	-2061	-2131	-2095	-1925	//	-2052	-2130	-1950	-2148	-2073	//	-4145	-3980	-4080	-3902	-4123	//	-3922	-3994	-3912	-3932	-3951	//	-4087	-3958	-3909	-3970	-3859	//	-4005	-4094	-3925	-3937	-3880	//	-3854	-4126	-3992	-3984	-3923	//	-4014	-4078	-4023	-4032	-4085	//	-4150	

-187	-334	-61	-284	-89	//	-164	-204	-169	-161	-209	//	-281	-230	-127	-348	-89	//	-300	-237	-227	-97	-87	//	-97	-307	-148	-250	-98	//	-176	-308	-139	-221	-316	//	-74	-150	-216	-183	-297	//	-240	-76	-182	-274	-326	//	-124	-190	-235	-166	-166	//	-208	-213	-138	-287	-157	//	-149	-1870	-2101	-1869	-2085	//	-2117	-1871	-2030	-1893	-1901	//	-2026	-1944	-2042	-2034	-1983	//	-1885	-1892	-2098	-1857	-2028	//	-3941	-4107	-4010	-4056	-4067	//	-4098	-4032	-3861	-4145	-4137	//	-4148	-3983	-4023	-3942	-3932	//	-3868	-4024	-3977	-4019	-3940	//	-4133	-4008	-3929	-4001	-3997	//	-4107	-3993	-4147	-4093	-3920	//	-3986	

-107	-336	-269	-211	-103	//	-218	-279	-193	-230	-331	//	-140	-104	-290	-311	-242	//	-114	-315	-102	-261	-241	//	-111	-107	-156	-143	-119	//	-131	-256	-234	-99	-105	//	-154	-88	-339	-70	-156	//	-335	-278	-208	-177	-168	//	-324	-273	-312	-214	-346	//	-127	-195	-286	-340	-307	//	-191	-1958	-2099	-2048	-1952	//	-2096	-2045	-1852	-1887	-1910	//	-2115	-2080	-1934	-2018	-2092	//	-2038	-2060	-2010	-2047	-1945	//	-4112	-4127	-4099	-3952	-3897	//	-4027	-3902	-3993	-3905	-4005	//	-3953	-3942	-4060	-3934	-4108	//	-3936	-3925	-3932	-4081	-3883	//	-4086	-3909	-4019	-3918	-4006	//	-4070	-4122	-3921	-4052	-4143	//	-3920	

-284	-151	-256	-198	-71	//	-326	-339	-259	-290	-164	//	-211	-183	-161	-91	-188	//	-61	-235	-51	-278	-341	//	-233	-190	-170	-325	-70	//	-335	-262	-164	-110	-261	//	-227	-329	-330	-248	-124	//	-143	-108	-245	-262	-269	//	-342	-175	-295	-141	-334	//	-115	-254	-132	-292	-225	//	-347	-2089	-2126	-1855	-2014	//	-2023	-1973	-1869	-2123	-2071	//	-1955	-1895	-1870	-1956	-2107	//	-1937	-2082	-1976	-2000	-2048	//	-4127	-4100	-4024	-4064	-3930	//	-3888	-3882	-4147	-4014	-3970	//	-3973	-3893	-3963	-3879	-3869	//	-3984	-4145	-4091	-4011	-4139	//	-3904	-3878	-3982	-4078	-4131	//	-3927	-4018	-3870	-3935	-4054	//	-3927	



-315	-247	-335	-133	-136	//	-240	-104	-208	-156	-137	//	-54	-223	-277	-74	-105	//	-255	-330	-318	-118	-151	//	-327	-103	-175	-304	-317	//	-87	-327	-88	-117	-335	//	-216	-57	-244	-218	-176	//	-177	-314	-297	-249	-133	//	-226	-206	-102	-173	-58	//	-340	-252	-292	-101	-307	//	-151	-1947	-1931	-2002	-2096	//	-1949	-2073	-2062	-2116	-1857	//	-2096	-2018	-1888	-2073	-2045	//	-2052	-1973	-1984	-2004	-1861	//	-4035	-4093	-4120	-3991	-4020	//	-4074	-3927	-4004	-3884	-4036	//	-3881	-3962	-4080	-4033	-3931	//	-4030	-3862	-3996	-4054	-4100	//	-3909	-4045	-3944	-3936	-3944	//	-3940	-4147	-3948	-4062	-4129	//	-4032	

-335	-257	-176	-59	-138	//	-330	-185	-298	-295	-152	//	-231	-109	-192	-350	-194	//	-293	-206	-177	-74	-184	//	-224	-304	-192	-77	-160	//	-341	-174	-298	-83	-293	//	-306	-199	-212	-192	-54	//	-107	-184	-104	-323	-129	//	-88	-254	-264	-306	-316	//	-185	-297	-231	-260	-124	//	-263	-2038	-1880	-2047	-2021	//	-1866	-2007	-2018	-2043	-1926	//	-1889	-2068	-1925	-2032	-2064	//	-2104	-1910	-2116	-2012	-1964	//	-4119	-4065	-4149	-4140	-3980	//	-3944	-4139	-4029	-3896	-4010	//	-4142	-3876	-4123	-3909	-3990	//	-3967	-4137	-4096	-4149	-3969	//	-4062	-3910	-3978	-4136	-3878	//	-4070	-3982	-3969	-4117	-4018	//	-4024	

-248	-319	-265	-252	-206	//	-102	-275	-317	-73	-225	//	-78	-214	-253	-133	-205	//	-230	-79	-196	-303	-270	//	-332	-264	-347	-313	-269	//	-111	-68	-171	-282	-95	//	-196	-334	-213	-89	-106	//	-58	-338	-272	-170	-122	//	-162	-101	-167	-260	-323	//	-222	-150	-62	-280	-237	//	-271	-2073	-1932	-1965	-1949	//	-2008	-1946	-2014	-1967	-2091	//	-1856	-2116	-2019	-1947	-2062	//	-1942	-1953	-2147	-1866	-2012	//	-4119	-4006	-3888	-3927	-4056	//	-4114	-4141	-3902	-3987	-3992	//	-4150	-3918	-3903	-3979	-4108	//	-3933	-4011	-3924	-4072	-3900	//	-4054	-4014	-4019	-4063	-4035	//	-4042	-3985	-4141	-4043	-3910	//	-3907	

-67	-123	-208	-295	-321	//	-78	-186	-208	-69	-173	//	-113	-53	-141	-285	-88	//	-122	-247	-147	-76	-331	//	-61	-107	-96	-346	-277	//	-211	-157	-88	-136	-75	//	-228	-93	-193	-305	-117	//	-306	-117	-149	-213	-280	//	-234	-284	-101	-169	-330	//	-118	-187	-176	-144	-119	//	-327	-1923	-2140	-2044	-2144	//	-1903	-2110	-1964	-1874	-2024	//	-2089	-2023	-2093	-1939	-2097	//	-2136	-1905	-2066	-2135	-1864	//	-3938	-3957	-4027	-4080	-4047	//	-3961	-3959	-3889	-4146	-4131	//	-4004	-4072	-3856	-4099	-4130	//	-3874	-4015	-4132	-4065	-4094	//	-4093	-4132	-3981	-4116	-4085	//	-3979	-4073	-3903	-3891	-3935	//	-4009	

-272	-299	-263	-226	-200	//	-160	-142	-182	-333	-151	//	-58	-295	-169	-60	-129	//	-343	-252	-185	-330	-164	//	-85	-100	-270	-111	-330	//	-95	-327	-59	-143	-249	//	-221	-257	-205	-274	-197	//	-91	-269	-68	-312	-172	//	-133	-71	-51	-332	-323	//	-118	-195	-303	-120	-273	//	-272	-2077	-2136	-1961	-2108	//	-2093	-2061	-2037	-2015	-1947	//	-1911	-2133	-1983	-2016	-1879	//	-1928	-1980	-1872	-1931	-1979	//	-3914	-3885	-3862	-4025	-3948	//	-3916	-4098	-3928	-3865	-4022	//	-4132	-4089	-3855	-4056	-3965	//	-4094	-3967	-4089	-4116	-4005	//	-4061	-3979	-3977	-3879	-3966	//	-4134	-3890	-4044	-3883	-4127	//	-4110	



-217	-282	-61	-235	-183	//	-142	-95	-170	-168	-257	//	-159	-161	-223	-291	-307	//	-138	-264	-255	-148	-192	//	-307	-95	-113	-131	-145	//	-294	-183	-85	-88	-292	//	-137	-81	-225	-94	-287	//	-190	-63	-104	-137	-239	//	-135	-173	-223	-330	-279	//	-208	-148	-271	-258	-223	//	-333	-1965	-2141	-1934	-1990	//	-1874	-2133	-1910	-1946	-1897	//	-2074	-1877	-2129	-2069	-2096	//	-1946	-2036	-2045	-1969	-1928	//	-3889	-4080	-3908	-4130	-4109	//	-3981	-4019	-4150	-3852	-3966	//	-4074	-3980	-3862	-3895	-4017	//	-3878	-4034	-4061	-3900	-3908	//	-3924	-4074	-4067	-3991	-3917	//	-3882	-4138	-3888	-4032	-3969	//	-3987	

-120	-52	-90	-53	-64	//	-159	-300	-245	-312	-339	//	-137	-197	-214	-193	-325	//	-128	-206	-320	-166	-82	//	-130	-337	-347	-82	-138	//	-327	-180	-142	-282	-346	//	-214	-119	-337	-242	-317	//	-212	-190	-335	-164	-282	//	-339	-245	-153	-95	-297	//	-79	-252	-286	-288	-274	//	-139	-1903	-1937	-1953	-1897	//	-1953	-1869	-2040	-2102	-1853	//	-2041	-1967	-2015	-2118	-2118	//	-2027	-1888	-2118	-2077	-2078	//	-4092	-3938	-4059	-3889	-4098	//	-3952	-3948	-4080	-4116	-3918	//	-3870	-4134	-4053	-3998	-3868	//	-4055	-3888	-3858	-3889	-3952	//	-4009	-3963	-4129	-4003	-3925	//	-3988	-4025	-3886	-4085	-3951	//	-3877	

-116	-326	-336	-84	-144	//	-103	-67	-176	-79	-280	//	-69	-84	-160	-96	-124	//	-253	-80	-304	-66	-350	//	-338	-309	-80	-194	-274	//	-312	-313	-60	-288	-334	//	-138	-290	-324	-156	-182	//	-309	-62	-186	-257	-101	//	-173	-54	-235	-148	-226	//	-271	-285	-166	-80	-341	//	-56	-1924	-2131	-2025	-1995	//	-1999	-2020	-1996	-2128	-1852	//	-1949	-1948	-1928	-1868	-1931	//	-1987	-2134	-2011	-1982	-2013	//	-4058	-4063	-4110	-4032	-4124	//	-3992	-3990	-4099	-3936	-4100	//	-3955	-3914	-3962	-3962	-3907	//	-3867	-3986	-3889	-3864	-4013	//	-3922	-4004	-3869	-4058	-4049	//	-3978	-4045	-3974	-3896	-4086	//	-4122	

-268	-254	-149	-54	-123	//	-131	-101	-61	-252	-315	//	-198	-224	-120	-98	-201	//	-330	-261	-211	-64	-343	//	-178	-163	-310	-263	-209	//	-349	-305	-194	-127	-130	//	-245	-288	-253	-176	-332	//	-284	-322	-101	-339	-195	//	-318	-276	-54	-188	-275	//	-229	-229	-143	-180	-110	//	-303	-2049	-2096	-2071	-2008	//	-1964	-1897	-2123	-2116	-2022	//	-1900	-2138	-1950	-2065	-1914	//	-2077	-1868	-2133	-2006	-2062	//	-3921	-3867	-3932	-3991	-4042	//	-4067	-4042	-4070	-4082	-3943	//	-4051	-3913	-3936	-3953	-4086	//	-4113	-4091	-4088	-3934	-4052	//	-3929	-4052	-4134	-4145	-3879	//	-4024	-3920	-4057	-3893	-3981	//	-4036	

-226	-281	-335	-183	-282	//	-122	-60	-239	-55	-211	//	-74	-148	-58	-109	-245	//	-150	-178	-98	-203	-184	//	-264	-346	-297	-216	-259	//	-92	-186	-55	-300	-98	//	-292	-221	-184	-101	-241	//	-175	-187	-72	-321	-160	//	-62	-122	-68	-229	-106	//	-54	-63	-206	-334	-255	//	-56	-1958	-2075	-2084	-1916	//	-1856	-2103	-2071	-2087	-1918	//	-1973	-2020	-1913	-2124	-2150	//	-2145	-1941	-1864	-1859	-2082	//	-4052	-4021	-4060	-3965	-3901	//	-4103	-4101	-3885	-3895	-4023	//	-4032	-4100	-4048	-3953	-4144	//	-3911	-3919	-3940	-3883	-3874	//	-4115	-4058	-4093	-4115	-3909	//	-4019	-3950	-4031	-3913	-3885	//	-3938	



-229	-102	-88	-228	-280	//	-100	-61	-298	-264	-183	//	-221	-178	-326	-95	-81	//	-88	-178	-200	-177	-257	//	-346	-242	-211	-196	-123	//	-328	-135	-96	-57	-211	//	-128	-112	-241	-274	-275	//	-168	-185	-314	-213	-74	//	-104	-281	-267	-290	-240	//	-297	-338	-235	-287	-168	//	-155	-1997	-1951	-2051	-2093	//	-2030	-2063	-2066	-1984	-1882	//	-1972	-2012	-1927	-1952	-2126	//	-2054	-1879	-1990	-2150	-1870	//	-3949	-3957	-3905	-3962	-4114	//	-3869	-4032	-4037	-4103	-4065	//	-3919	-3951	-3881	-3861	-4065	//	-4115	-3904	-3962	-3977	-4138	//	-3890	-4118	-4076	-4040	-3906	//	-3979	-3875	-4108	-4116	-4131	//	-4128	

-314	-346	-87	-78	-82	//	-198	-302	-208	-112	-73	//	-73	-213	-324	-244	-323	//	-51	-154	-259	-245	-251	//	-341	-264	-233	-348	-302	//	-235	-65	-301	-56	-117	//	-102	-291	-208	-59	-256	//	-321	-180	-171	-326	-329	//	-342	-92	-341	-252	-148	//	-52	-104	-286	-272	-127	//	-111	-1957	-2055	-2135	-2139	//	-2026	-2023	-1968	-1897	-1960	//	-2100	-1896	-2105	-2122	-2129	//	-1934	-1907	-1980	-2078	-1868	//	-4061	-4098	-4091	-4023	-3999	//	-4135	-3899	-3893	-4048	-3998	//	-3888	-4056	-4111	-3853	-3880	//	-4147	-4027	-3920	-4111	-4010	//	-3949	-3964	-4090	-3851	-4086	//	-4026	-4009	-4061	-4133	-4120	//	-4150	

-75	-207	-277	-242	-147	//	-123	-283	-237	-74	-174	//	-167	-107	-81	-247	-141	//	-95	-324	-110	-166	-158	//	-248	-139	-272	-295	-130	//	-178	-223	-123	-181	-174	//	-320	-149	-94	-52	-336	//	-228	-125	-147	-128	-206	//	-284	-60	-252	-349	-151	//	-101	-210	-97	-213	-84	//	-278	-1872	-2020	-2039	-1925	//	-1967	-2031	-2028	-1917	-1868	//	-1985	-1957	-1977	-1982	-2109	//	-2131	-2068	-2033	-2070	-2149	//	-4021	-3933	-3931	-3860	-3966	//	-3985	-3934	-4042	-3867	-3934	//	-4139	-3957	-4090	-3976	-4112	//	-4007	-3851	-4042	-4136	-4138	//	-3859	-4024	-3883	-4059	-3939	//	-3906	-4058	-3997	-4012	-4021	//	-4045	

-258	-131	-59	-203	-214	//	-105	-101	-346	-185	-334	//	-138	-214	-124	-115	-111	//	-297	-145	-126	-235	-110	//	-86	-154	-219	-301	-136	//	-202	-293	-191	-186	-194	//	-243	-260	-321	-210	-179	//	-139	-148	-244	-135	-86	//	-300	-81	-88	-297	-199	//	-189	-137	-227	-342	-241	//	-251	-2033	-2073	-2054	-1896	//	-1944	-2000	-2114	-2131	-1977	//	-1918	-1920	-2132	-2048	-1936	//	-1990	-2103	-1864	-2000	-1981	//	-4039	-4140	-3901	-4097	-3950	//	-4134	-4071	-3923	-3993	-4109	//	-4102	-4041	-4106	-3937	-3978	//	-4031	-4020	-3907	-3906	-4038	//	-3928	-4104	-4028	-4115	-3904	//	-3921	-3881	-3990	-4057	-4018	//	-4027	

-226	-319	-106	-325	-189	//	-69	-251	-323	-55	-172	//	-228	-81	-250	-204	-337	//	-303	-168	-103	-163	-268	//	-87	-103	-271	-269	-318	//	-259	-139	-285	-312	-218	//	-221	-337	-207	-161	-300	//	-187	-311	-244	-325	-246	//	-263	-314	-56	-82	-180	//	-260	-62	-62	-171	-205	//	-73	-1908	-2025	-1965	-1899	//	-1977	-1955	-2144	-2149	-1864	//	-2106	-2046	-1948	-1885	-1870	//	-2002	-2092	-2089	-1969	-1989	//	-3915	-4119	-3879	-4011	-4081	//	-4094	-3954	-4079	-4064	-3852	//	-4026	-3973	-3974	-3934	-4099	//	-4002	-3956	-3871	-4132	-4096	//	-4048	-3945	-4072	-4084	-3856	//	-3913	-4109	-3962	-3896	-4081	//	-3884	



-70	-335	-203	-289	-171	//	-74	-289	-85	-277	-170	//	-56	-301	-169	-297	-208	//	-307	-285	-94	-121	-274	//	-127	-348	-309	-264	-93	//	-349	-343	-201	-313	-213	//	-164	-328	-97	-175	-273	//	-223	-317	-320	-54	-329	//	-58	-65	-140	-86	-302	//	-112	-304	-127	-140	-348	//	-213	-1920	-1941	-1876	-1952	//	-1880	-1881	-2119	-2084	-1878	//	-2106	-1859	-1921	-2024	-2070	//	-2147	-1895	-2098	-1858	-2127	//	-3863	-3997	-4037	-3945	-4050	//	-4015	-4139	-4081	-4015	-3923	//	-3869	-4072	-4016	-4064	-3917	//	-3950	-3854	-3941	-3944	-4005	//	-4123	-4148	-4146	-4001	-3954	//	-4009	-4003	-3913	-4143	-3878	//	-3986	

-147	-166	-183	-251	-258	//	-287	-241	-323	-309	-149	//	-245	-96	-232	-249	-176	//	-156	-160	-278	-179	-90	//	-228	-269	-306	-221	-57	//	-213	-207	-194	-115	-78	//	-278	-340	-151	-71	-61	//	-184	-136	-198	-336	-249	//	-191	-265	-119	-295	-316	//	-182	-317	-174	-154	-169	//	-245	-2146	-1964	-2146	-2133	//	-1934	-1993	-2030	-1922	-1888	//	-2014	-1980	-1868	-1913	-2029	//	-2100	-1892	-1939	-2094	-1917	//	-4083	-4030	-3901	-3972	-3862	//	-4052	-3958	-4001	-3890	-4070	//	-4030	-3927	-4008	-3921	-4101	//	-4026	-3921	-4139	-4057	-3959	//	-4141	-4052	-4022	-4108	-4126	//	-3913	-4114	-3855	-4083	-3934	//	-4061	

-290	-255	-125	-196	-330	//	-70	-108	-144	-174	-325	//	-130	-298	-96	-52	-142	//	-346	-133	-282	-206	-219	//	-298	-73	-232	-163	-307	//	-152	-164	-297	-61	-64	//	-203	-89	-250	-172	-184	//	-120	-347	-323	-187	-111	//	-223	-124	-316	-155	-271	//	-313	-55	-220	-174	-179	//	-56	-1893	-2033	-1970	-2126	//	-2016	-2005	-2064	-2142	-2049	//	-2086	-2141	-1931	-2005	-2044	//	-2102	-2133	-2129	-1883	-2084	//	-3924	-3975	-4014	-3980	-4081	//	-4113	-4001	-4039	-3950	-4099	//	-4006	-4021	-4124	-3948	-4129	//	-3940	-4015	-4042	-3946	-4092	//	-4134	-4021	-4054	-4043	-4121	//	-4026	-3974	-4132	-3885	-3966	//	-4145	

-66	-313	-239	-336	-332	//	-288	-336	-82	-133	-72	//	-271	-269	-140	-199	-100	//	-105	-302	-294	-217	-157	//	-285	-285	-54	-68	-309	//	-123	-116	-218	-231	-268	//	-224	-326	-169	-156	-256	//	-157	-74	-323	-135	-294	//	-280	-181	-75	-286	-343	//	-117	-148	-159	-97	-81	//	-69	-1952	-2043	-2119	-1967	//	-2117	-2068	-2107	-1891	-2009	//	-1855	-1961	-1975	-2102	-2136	//	-2009	-1862	-1897	-1944	-1916	//	-4139	-3864	-3979	-3852	-3936	//	-4030	-3996	-3966	-4109	-4012	//	-4013	-4138	-3941	-4121	-4081	//	-3943	-4066	-4005	-3929	-4090	//	-3915	-4030	-3872	-4093	-3947	//	-3864	-3900	-4114	-3941	-4123	//	-4067	

-252	-328	-210	-116	-346	//	-258	-93	-173	-318	-251	//	-196	-254	-146	-294	-276	//	-333	-182	-237	-87	-217	//	-339	-267	-279	-201	-108	//	-247	-189	-242	-125	-96	//	-124	-350	-162	-265	-189	//	-325	-107	-333	-215	-238	//	-156	-290	-295	-143	-268	//	-272	-347	-145	-144	-317	//	-68	-2111	-1875	-2148	-1938	//	-1980	-2070	-1900	-1969	-1955	//	-2047	-2145	-2068	-1851	-1932	//	-2028	-1952	-1991	-2027	-2032	//	-3952	-4069	-3985	-3894	-4076	//	-3953	-3954	-4034	-3944	-3885	//	-3953	-4030	-4005	-4033	-3867	//	-3938	-3904	-4095	-4090	-3982	//	-4080	-3890	-3904	-4057	-4007	//	-3976	-3992	-4015	-3862	-3982	//	-3918	



-312	-311	-160	-261	-210	//	-256	-304	-334	-294	-160	//	-135	-284	-143	-231	-128	//	-96	-268	-261	-282	-97	//	-117	-313	-109	-68	-319	//	-312	-218	-259	-302	-162	//	-281	-71	-213	-181	-224	//	-220	-307	-303	-336	-121	//	-242	-75	-61	-295	-245	//	-205	-256	-133	-288	-72	//	-63	-1903	-1880	-2046	-2125	//	-1894	-1866	-2068	-2048	-1932	//	-1855	-1985	-2090	-2063	-2091	//	-2038	-2021	-1881	-1901	-2101	//	-4136	-4079	-3923	-3948	-3944	//	-4128	-4108	-4097	-3893	-3896	//	-3960	-3954	-4072	-4104	-4096	//	-3969	-4070	-4055	-4081	-4111	//	-4092	-4129	-4084	-3942	-4126	//	-4021	-4053	-4069	-4031	-4081	//	-3959	

-24	-117	-70	-78	-24	//	-123	-8	-32	-26	44	//	-34	116	-33	129	-69	//	-20	30	72	69	70	//	-110	14	-103	-132	82	//	-71	69	-30	-47	57	//	-99	91	67	-90	94	//	145	-46	-7	-108	-69	//	8	8	-29	-124	28	//	-80	-79	14	-122	-99	//	65	-2119	-2053	-1989	-1898	//	-2045	-1942	-1945	-2032	-1869	//	-1933	-2126	-2044	-2127	-1976	//	-2040	-1976	-2038	-1996	-1864	//	-4100	-4066	-3883	-3988	-4132	//	-3930	-3991	-3881	-3939	-4077	//	-4065	-4040	-3932	-3931	-4103	//	-3868	-4106	-4102	-4076	-4000	//	-3973	-4124	-3859	-4084	-3958	//	-4062	-4016	-4083	-4130	-3921	//	-4120	

-124	-36	-57	-99	-120	//	26	93	57	131	-32	//	-50	-9	-57	-40	-122	//	-143	-51	-8	-72	-61	//	70	53	34	-2	91	//	-73	-40	55	70	-28	//	90	11	-117	-77	128	//	115	-60	-26	122	-106	//	-35	-5	-27	58	-118	//	143	71	-124	-41	-68	//	71	-2120	-2139	-1999	-1922	//	-1927	-1953	-2055	-1938	-2044	//	-2138	-1884	-2024	-2049	-2014	//	-1901	-1890	-1869	-2150	-2005	//	-4100	-3922	-4000	-4042	-3943	//	-4065	-3941	-4017	-3954	-4142	//	-4124	-4130	-3860	-3910	-3910	//	-4110	-3992	-3863	-3902	-3979	//	-4082	-3929	-3925	-3928	-4033	//	-4069	-4121	-3864	-3958	-4124	//	-4120	

-119	142	82	-80	129	//	-47	-24	28	-1	-65	//	-17	44	-100	-122	14	//	-114	107	121	116	-84	//	-40	149	128	-126	15	//	69	-68	134	62	-70	//	110	133	128	143	-80	//	75	99	-80	-127	-138	//	109	73	-92	95	-113	//	121	-95	-26	-91	75	//	-102	-1899	-1988	-1875	-1878	//	-1917	-2044	-1952	-1872	-1856	//	-1999	-1950	-2127	-2043	-2135	//	-1879	-2106	-2149	-1906	-1913	//	-4073	-3935	-4116	-3870	-3927	//	-4137	-4108	-4062	-3999	-4048	//	-4135	-3954	-3921	-4016	-3953	//	-3853	-4132	-3929	-3853	-4008	//	-4123	-3932	-3947	-3915	-3923	//	-3910	-4046	-3916	-3978	-3945	//	-4054	

-23	55	68	57	-31	//	12	25	84	-83	52	//	-58	-83	118	-109	51	//	-36	-54	-93	61	104	//	74	45	-68	-16	-112	//	39	-132	-53	-143	68	//	5	12	-98	121	-9	//	-75	-108	-146	-118	32	//	133	60	-30	31	1	//	-92	-81	83	-66	-16	//	-104	-1908	-2042	-2036	-2102	//	-1991	-1950	-2129	-1968	-1993	//	-2069	-2008	-2104	-1999	-1936	//	-1922	-1881	-1973	-1964	-2070	//	-4075	-3915	-4103	-4052	-3983	//	-3872	-4148	-3916	-4102	-3977	//	-4017	-4102	-4049	-3996	-3927	//	-3981	-4055	-4044	-4014	-4098	//	-3960	-4142	-3959	-4017	-3870	//	-3999	-3908	-3881	-4141	-3859	//	-3905	



16	-26	-146	-7	-12	//	50	-111	109	-22	-48	//	-50	102	-23	134	-138	//	-83	-139	68	17	142	//	-8	-70	-91	-73	-123	//	-20	-61	141	-50	121	//	68	-88	16	115	-6	//	-57	60	28	-88	146	//	-36	90	144	67	43	//	115	108	-15	141	0	//	-113	-2006	-2144	-2124	-1865	//	-1973	-2053	-2135	-2068	-2070	//	-1871	-2122	-2111	-1900	-2114	//	-2003	-2114	-2042	-2003	-2134	//	-4061	-3965	-3958	-3861	-3938	//	-4075	-4015	-4046	-3911	-3947	//	-3900	-4010	-4010	-3945	-4047	//	-4050	-4011	-4093	-3951	-3955	//	-3922	-4074	-4058	-3864	-3916	//	-3906	-3930	-4049	-4093	-4087	//	-4142	

123	145	-92	-77	-41	//	-70	-138	112	-136	-29	//	128	3	-87	141	-100	//	-54	94	9	126	-58	//	50	-62	75	69	-95	//	-47	97	113	126	-114	//	-55	134	47	38	54	//	143	-12	-83	84	-8	//	60	-54	-19	-40	10	//	-67	-6	-144	8	-3	//	30	-1863	-2042	-2000	-2036	//	-1853	-1894	-1939	-1951	-1877	//	-1877	-1863	-1880	-2100	-1952	//	-1877	-2102	-1965	-2025	-1869	//	-4022	-4092	-3998	-4064	-4124	//	-3883	-4109	-3955	-4054	-3989	//	-4115	-4140	-3930	-3932	-3883	//	-3958	-3855	-4113	-3882	-3963	//	-3932	-4102	-3871	-4147	-4062	//	-4061	-4047	-4045	-4065	-4137	//	-4132	

-49	97	-42	-149	-132	//	66	-9	-63	-3	-124	//	113	-68	-47	-142	-15	//	-132	-34	-148	105	-48	//	-70	84	-99	1	3	//	-36	65	-12	-5	-119	//	100	113	65	12	51	//	-72	60	62	-49	99	//	87	-47	23	-144	-115	//	129	-55	72	-18	-148	//	-129	-1859	-2119	-1909	-2123	//	-1873	-1930	-1852	-1924	-2104	//	-2060	-1977	-2092	-1964	-2086	//	-2063	-2003	-2027	-1906	-1859	//	-3896	-3913	-3901	-3953	-3974	//	-3854	-4088	-4035	-3961	-3934	//	-4098	-3863	-4004	-3858	-3963	//	-4111	-3946	-4063	-3869	-4147	//	-4003	-3959	-3924	-3875	-3971	//	-4129	-4119	-3935	-3916	-4104	//	-3866	

124	119	22	-126	87	//	-61	26	100	-67	80	//	-84	-72	112	112	-117	//	35	65	-105	-54	97	//	144	-89	-21	112	-1	//	-143	-36	88	17	-81	//	-48	-104	-144	-133	-76	//	-76	-146	-80	114	59	//	80	51	98	-1	12	//	-43	139	-121	-93	83	//	-52	-1935	-1856	-2023	-1901	//	-1983	-2042	-1936	-1900	-1896	//	-2031	-2068	-2081	-2034	-1948	//	-1926	-2060	-1892	-2029	-2051	//	-3927	-4136	-3936	-3982	-4123	//	-3884	-3925	-3966	-4000	-3949	//	-3906	-3929	-4107	-4030	-4054	//	-4089	-3933	-3963	-3905	-3908	//	-4127	-4057	-4148	-3907	-4014	//	-4078	-4027	-3968	-3899	-3867	//	-3941	

120	46	-79	117	-101	//	-100	31	11	104	-82	//	-80	122	28	123	113	//	-41	50	-22	4	-134	//	-13	-121	-81	36	50	//	-12	-119	-26	149	84	//	58	3	68	138	-143	//	143	-78	21	-33	44	//	-70	-114	143	13	-140	//	-101	46	90	88	-53	//	27	-2099	-2111	-2030	-1993	//	-1991	-1943	-2027	-2142	-2098	//	-1863	-1962	-1985	-2022	-1939	//	-2107	-2026	-2116	-1872	-1905	//	-3936	-3977	-4014	-3871	-3902	//	-4086	-3889	-3861	-3886	-4074	//	-4089	-3911	-4150	-4100	-4008	//	-3882	-3961	-4096	-3969	-3944	//	-4094	-3889	-4069	-4027	-3901	//	-4114	-3952	-4074	-4031	-4148	//	-3931	



-114	-10	-87	95	-44	//	0	147	-125	134	-137	//	-141	123	-80	148	85	//	-32	28	-131	114	9	//	55	111	-49	-12	-133	//	42	75	33	140	-48	//	-41	-16	-135	-116	-75	//	-82	130	-126	-73	-30	//	24	54	-86	71	33	//	126	22	-42	145	-21	//	51	-1893	-2071	-2001	-1860	//	-2108	-2106	-2098	-1871	-1878	//	-2024	-1903	-2126	-2102	-1875	//	-2038	-2052	-1919	-1981	-2013	//	-4075	-4012	-4136	-4069	-4016	//	-4148	-4103	-3931	-4081	-3894	//	-4121	-3935	-3872	-4031	-3955	//	-4060	-4076	-3953	-3905	-4043	//	-3921	-4112	-3993	-4045	-3978	//	-3929	-4085	-3892	-3989	-4082	//	-3988	

-96	-83	4	25	91	//	-58	24	-11	48	52	//	-132	29	-70	-15	135	//	-4	44	112	-76	-82	//	118	-109	67	-59	136	//	-116	86	-127	106	-38	//	-2	103	-44	137	134	//	42	-89	1	-4	-138	//	19	27	21	-90	99	//	125	102	-29	-30	-72	//	-92	-1965	-1952	-1981	-1973	//	-2147	-2133	-1873	-2089	-2001	//	-1928	-1900	-2123	-1942	-1881	//	-1877	-1984	-1876	-1955	-2009	//	-3997	-4078	-4037	-3940	-4056	//	-4069	-4052	-4066	-3922	-3937	//	-4069	-3885	-4084	-3951	-3989	//	-4015	-3869	-3922	-4035	-4035	//	-4140	-3969	-4139	-3931	-3944	//	-4109	-4042	-3945	-4001	-4038	//	-3931	

144	-9	145	57	-52	//	135	9	-70	-131	149	//	-32	-16	82	7	132	//	123	42	49	122	132	//	8	-4	-140	-13	78	//	13	141	18	89	-109	//	141	148	46	142	-119	//	149	64	58	50	-147	//	-26	120	-23	-108	106	//	-121	146	-51	-118	-46	//	133	-2147	-2064	-2054	-2013	//	-1879	-1984	-1870	-2066	-1906	//	-2132	-1965	-2002	-2101	-2040	//	-1976	-2114	-2118	-2010	-2034	//	-4101	-3854	-3974	-4052	-4112	//	-4148	-3900	-3920	-3931	-4026	//	-3999	-4136	-3953	-4129	-3858	//	-4010	-3973	-4076	-3935	-3963	//	-4141	-3927	-3894	-3983	-3893	//	-4062	-3909	-4093	-3983	-4082	//	-3944	

141	-85	65	82	64	//	44	24	-93	129	8	//	-69	-134	112	57	16	//	-39	-60	-133	66	28	//	-123	-73	-128	96	-76	//	-64	148	136	-8	-111	//	-34	-13	-78	48	35	//	-49	4	121	-10	18	//	39	-19	112	135	-4	//	-68	-50	-101	32	89	//	-31	-2009	-2119	-1999	-1974	//	-1943	-1933	-2089	-1952	-2119	//	-2045	-2023	-1951	-1875	-1870	//	-1961	-1990	-1973	-1951	-1930	//	-3862	-3948	-4021	-4118	-4064	//	-4124	-3971	-4044	-4104	-4064	//	-4136	-3960	-4010	-3964	-3958	//	-4132	-4114	-3939	-3915	-4013	//	-3933	-3933	-3970	-3964	-4028	//	-3880	-3892	-3944	-4094	-3880	//	-3893	

-108	-97	-128	139	108	//	87	66	113	-52	115	//	107	105	-59	-82	14	//	-32	41	-124	45	29	//	20	130	-56	-67	83	//	115	-11	124	123	3	//	-38	107	100	-74	-3	//	-2	-145	-41	126	143	//	80	-70	-75	46	-36	//	-16	-58	-138	-94	-52	//	18	-1984	-2028	-2011	-2068	//	-1927	-2009	-1972	-2048	-1854	//	-2120	-1925	-2128	-1990	-1885	//	-2097	-2059	-1987	-2020	-1955	//	-4028	-4055	-3886	-4044	-4131	//	-3989	-4109	-3877	-3901	-3913	//	-3987	-4032	-4017	-3945	-4042	//	-3976	-4051	-3951	-3975	-3924	//	-4144	-3888	-3956	-3863	-4058	//	-3961	-3920	-3943	-4109	-4142	//	-3939	



-106	112	-126	-147	-79	//	-5	-87	-117	-101	-96	//	21	-98	-105	-86	105	//	-7	119	-115	-50	-58	//	-84	10	137	49	-147	//	78	-76	-107	10	106	//	-69	134	-54	-83	-23	//	50	-29	132	-46	-67	//	32	-125	-9	39	38	//	-111	20	-55	31	-82	//	-138	-1939	-2003	-1949	-1996	//	-2015	-2006	-1896	-2125	-2148	//	-1901	-1927	-2098	-1925	-2039	//	-2150	-2000	-2064	-2055	-1911	//	-4077	-3890	-3961	-4083	-4089	//	-3980	-4124	-3938	-4111	-3867	//	-3976	-3870	-4051	-3869	-4028	//	-3933	-3992	-4141	-4091	-4089	//	-3862	-4101	-3932	-3949	-4039	//	-3996	-4104	-3855	-3936	-4100	//	-3941	

70	30	138	-51	20	//	10	20	105	-99	68	//	-53	83	133	9	-108	//	-81	-96	-88	-13	-99	//	147	-52	14	-78	22	//	145	47	42	1	33	//	93	145	-51	72	-98	//	87	-54	-63	-56	-85	//	91	-86	113	47	27	//	138	-85	-2	-135	-102	//	94	-2058	-2027	-1977	-1914	//	-1881	-2091	-2094	-1935	-1870	//	-2148	-1908	-1862	-1914	-2083	//	-2088	-1864	-2108	-1879	-2145	//	-4126	-3907	-4109	-3960	-4128	//	-4024	-4010	-4083	-4068	-3975	//	-3866	-3941	-4114	-3991	-3851	//	-4042	-3963	-4045	-4120	-3921	//	-3941	-3964	-3904	-3963	-3999	//	-3932	-4126	-3952	-4060	-3884	//	-4045	

-28	5	-76	17	74	//	-110	74	16	74	-20	//	-26	-90	-145	75	-30	//	19	-56	-48	-31	-5	//	-119	-116	113	12	-45	//	-17	-120	110	3	81	//	-135	101	-86	59	-29	//	-121	-127	-147	-134	43	//	99	-142	80	133	27	//	64	131	-25	-14	126	//	-38	-1970	-1963	-2092	-2079	//	-2081	-1917	-1919	-1948	-2130	//	-2143	-2114	-1937	-2036	-2071	//	-1915	-1959	-1947	-1883	-2008	//	-4069	-3917	-4045	-3978	-3869	//	-3991	-4005	-4054	-3874	-4114	//	-4068	-3999	-3926	-3897	-4073	//	-3856	-3963	-3996	-3869	-3896	//	-4048	-4016	-4108	-4127	-3911	//	-4048	-3995	-3917	-3951	-3864	//	-4051	

-86	-80	-79	50	-133	//	-38	24	-39	-38	-12	//	-89	75	-23	52	-129	//	92	-94	-13	-149	-81	//	26	-133	44	14	54	//	135	54	34	132	19	//	107	26	130	35	82	//	-136	-128	80	-128	-140	//	125	125	-18	-88	64	//	20	96	-125	3	133	//	99	-2041	-1867	-1943	-2003	//	-2007	-2099	-1899	-1868	-2047	//	-1937	-2020	-2128	-2035	-2060	//	-2041	-1947	-1947	-2044	-2078	//	-4109	-3888	-3857	-3941	-4096	//	-4103	-4087	-3884	-4027	-4116	//	-4087	-3995	-3940	-3950	-3962	//	-4113	-3935	-3863	-3939	-3996	//	-4040	-3926	-3856	-4011	-4023	//	-3860	-3869	-4022	-4135	-3984	//	-3927	

-115	126	-95	38	91	//	63	-39	-104	-125	-24	//	-72	-9	-100	-58	5	//	-2	1	91	38	133	//	-111	10	55	-79	-105	//	-150	41	-97	35	101	//	56	143	88	17	136	//	-142	35	111	-127	-138	//	-109	14	-143	46	127	//	46	6	-110	-71	-83	//	47	-1887	-2085	-2027	-2044	//	-2138	-2133	-2137	-1859	-1908	//	-1949	-2058	-1875	-2091	-2117	//	-1906	-2114	-1866	-2090	-1893	//	-4092	-4059	-3959	-4096	-4105	//	-3956	-3920	-3904	-3851	-3853	//	-4087	-4132	-4026	-3926	-3937	//	-3900	-3857	-4064	-4128	-3967	//	-4105	-4019	-3916	-4011	-4095	//	-4006	-3892	-3872	-3948	-3869	//	-3865	



78	87	-29	-139	-49	//	-12	-85	-72	-110	-124	//	25	-3	129	49	54	//	126	-23	-110	-43	120	//	-71	16	67	-113	30	//	76	135	-45	93	-109	//	-135	125	94	-62	-91	//	91	31	-13	23	116	//	148	84	148	44	-38	//	103	-17	-22	5	-67	//	149	-1937	-2126	-1910	-1867	//	-1888	-2122	-2007	-2118	-2107	//	-2093	-2092	-2080	-1878	-2105	//	-1854	-1948	-2146	-2067	-2008	//	-4135	-3973	-4079	-4015	-3950	//	-3864	-3978	-3938	-3891	-4010	//	-3921	-3937	-4037	-4085	-4040	//	-4100	-4087	-4082	-3874	-3911	//	-3988	-3912	-4054	-4021	-4018	//	-4064	-3954	-3936	-3988	-4075	//	-4010	

40	-45	-128	98	53	//	-17	-129	-51	-43	-94	//	-84	-98	103	-26	82	//	-127	107	37	-50	-87	//	-63	99	134	127	143	//	-126	133	3	78	120	//	5	12	-14	-56	13	//	-88	84	92	-59	-139	//	-32	74	-74	122	99	//	13	78	-48	66	131	//	-53	-1968	-1858	-2040	-2076	//	-1997	-2100	-2003	-2076	-1923	//	-1923	-2002	-2117	-2030	-1866	//	-2142	-2047	-1952	-2120	-2123	//	-3895	-3953	-3889	-4056	-4001	//	-4069	-4097	-4034	-3985	-3887	//	-4051	-3926	-4084	-4134	-3883	//	-3885	-3862	-3965	-3970	-3993	//	-4096	-3961	-4005	-3967	-4085	//	-4056	-3891	-4117	-3951	-3978	//	-4101	

43	104	16	46	107	//	146	54	-135	135	7	//	11	2	-29	16	-116	//	-55	-35	66	-43	105	//	143	106	-95	145	43	//	124	-50	62	148	-25	//	-49	-105	132	-148	-101	//	21	-15	-147	24	108	//	-115	4	-113	-47	61	//	-96	-58	94	18	-126	//	143	-2011	-1869	-1951	-2141	//	-1948	-1959	-1868	-1914	-1851	//	-2137	-1890	-2146	-2113	-1942	//	-2050	-2150	-2078	-2090	-2081	//	-4074	-3892	-4022	-3991	-3922	//	-4007	-4029	-3893	-3925	-3969	//	-4102	-3861	-3935	-3998	-4142	//	-4127	-3977	-3887	-3913	-3880	//	-3914	-4057	-4087	-4045	-3869	//	-3993	-3950	-4050	-4008	-3943	//	-3917	

142	-81	-28	135	-86	//	66	-28	-77	125	105	//	-143	-97	-121	-104	-44	//	-56	-11	56	-76	108	//	71	68	7	-132	28	//	34	-64	-124	55	-114	//	-82	-6	-77	16	0	//	-11	-147	-59	73	102	//	44	-9	145	-104	-79	//	20	9	85	-140	-4	//	-32	-2049	-1994	-1930	-2039	//	-1865	-1998	-1933	-2111	-2008	//	-2092	-2004	-1927	-2110	-2047	//	-1992	-2008	-2063	-2145	-1889	//	-4103	-3977	-4015	-3948	-4106	//	-3963	-4060	-4045	-3874	-3865	//	-3939	-4005	-3860	-4089	-4139	//	-4002	-3997	-4034	-4065	-3900	//	-4116	-3909	-3978	-3988	-3866	//	-3894	-3872	-3961	-3967	-4102	//	-3912	

12	95	28	43	-31	//	80	-143	-23	114	-83	//	60	130	-108	58	-81	//	61	-75	107	-116	137	//	-138	-16	64	143	-37	//	-30	56	63	-12	-85	//	-91	125	-81	-83	-23	//	-6	-70	-87	144	59	//	-1	-75	-84	-55	113	//	-126	-11	-6	113	-108	//	-104	-2036	-1914	-2150	-1873	//	-1920	-2089	-1906	-2143	-2100	//	-1869	-1914	-1995	-2047	-2099	//	-2036	-2039	-1941	-1989	-2018	//	-3858	-4094	-4118	-4080	-4142	//	-4130	-3964	-4055	-3943	-3913	//	-3955	-4042	-3955	-4134	-4038	//	-4056	-3939	-3986	-4066	-4063	//	-4010	-3988	-4016	-3993	-3943	//	-4032	-3950	-3864	-3966	-4059	//	-3935	



103	79	-78	96	-40	//	-39	-101	-122	57	121	//	-118	-117	132	-58	63	//	-65	-26	93	-111	144	//	-85	126	49	116	-31	//	69	0	69	78	93	//	127	114	-44	59	-106	//	111	-80	-14	-115	-133	//	14	37	-117	117	96	//	-79	44	-16	-7	93	//	-38	-2071	-1938	-2054	-2017	//	-2080	-1953	-2056	-1934	-2039	//	-2072	-1951	-1914	-1933	-1857	//	-2084	-2149	-1989	-2088	-1912	//	-4051	-4115	-4113	-3976	-4058	//	-3973	-4128	-3915	-3884	-4032	//	-4031	-4041	-4144	-4142	-4104	//	-4068	-4072	-4100	-4014	-4093	//	-3886	-3999	-4039	-3898	-4025	//	-3901	-4073	-3907	-4011	-3859	//	-4096	

55	-99	-65	101	-97	//	-98	-82	116	119	-38	//	-79	-82	112	8	-136	//	-61	100	-95	1	20	//	-101	101	71	123	-49	//	19	90	-54	-136	109	//	23	-2	73	80	-144	//	-103	147	67	-13	81	//	103	149	-76	-58	-131	//	83	65	-118	33	22	//	-7	-1985	-1961	-2045	-2040	//	-1969	-2117	-2061	-1895	-1979	//	-1863	-1999	-1904	-1985	-2128	//	-2092	-1859	-2115	-2040	-1963	//	-4148	-3959	-3906	-3957	-3922	//	-3964	-4050	-4134	-3863	-4116	//	-3963	-3870	-3992	-3936	-4091	//	-4049	-3855	-4104	-3920	-4061	//	-3895	-3942	-3907	-3951	-4120	//	-4131	-3980	-4090	-4082	-3906	//	-4062	

56	47	50	-81	16	//	-58	-1	-93	-98	-12	//	-17	40	-4	37	2	//	3	96	-24	-125	148	//	88	-54	14	130	-71	//	23	129	-40	59	-99	//	39	-88	-116	-46	-102	//	147	145	84	82	-11	//	-95	-146	22	-134	17	//	-122	15	-98	-23	105	//	-81	-1871	-2072	-2115	-1891	//	-1968	-1972	-2105	-1875	-2065	//	-2058	-2107	-2029	-1971	-2097	//	-2132	-2145	-2095	-2109	-1897	//	-3893	-3856	-3868	-4083	-4037	//	-4076	-3862	-4082	-3888	-3929	//	-4007	-3902	-3953	-3886	-3950	//	-3951	-4145	-3962	-4081	-3918	//	-4030	-3934	-3990	-4004	-4044	//	-3873	-4114	-3968	-4026	-4133	//	-3902	

136	-107	-11	136	71	//	10	16	124	-39	118	//	10	-76	90	132	-31	//	135	-48	79	14	-35	//	-40	137	-140	-74	80	//	-35	43	-52	-141	-9	//	44	-33	13	-3	-47	//	31	9	-96	148	128	//	148	-11	11	29	25	//	138	98	33	129	84	//	48	-1877	-1873	-1948	-2082	//	-1913	-2076	-1967	-2013	-2045	//	-1994	-1996	-1865	-1864	-1941	//	-2055	-2025	-2095	-2105	-2064	//	-3979	-3896	-4080	-4021	-4011	//	-4044	-3878	-4097	-3939	-4103	//	-3940	-3909	-4054	-3945	-4028	//	-3999	-3970	-4073	-4133	-3981	//	-4004	-3876	-3853	-4129	-4025	//	-3929	-3972	-4129	-4049	-4089	//	-3876	

-130	-41	-146	129	59	//	3	-57	87	-114	-71	//	87	-52	106	131	-7	//	55	101	-92	-132	-105	//	118	-149	2	144	93	//	-98	63	112	25	148	//	122	-71	90	96	-58	//	-124	67	68	-112	-146	//	45	130	121	-148	-80	//	14	138	136	106	56	//	127	-1854	-1956	-2054	-2140	//	-1892	-1887	-1871	-2087	-2089	//	-2134	-1899	-1908	-2088	-1972	//	-1863	-2100	-2048	-1966	-1933	//	-3953	-4084	-3955	-4022	-4013	//	-4033	-4021	-4135	-3876	-4106	//	-3947	-4110	-3859	-4125	-3931	//	-4007	-4001	-3927	-3952	-3994	//	-4048	-3934	-4120	-3970	-4091	//	-3899	-3921	-3961	-3995	-4091	//	-3977	



-109	99	104	23	-39	//	128	101	-136	-31	-79	//	73	-72	119	1	57	//	106	44	-40	77	-65	//	-57	-142	90	28	-96	//	-142	-14	-25	82	-58	//	-104	57	66	-63	54	//	93	118	53	101	-13	//	7	-98	-44	67	88	//	-13	-39	3	-142	-142	//	57	-1932	-2091	-1970	-1987	//	-2144	-2145	-1939	-2145	-1856	//	-2107	-1892	-2004	-2105	-2082	//	-1916	-2036	-1899	-2000	-1870	//	-3905	-4140	-4112	-4104	-4062	//	-4113	-3891	-4106	-3937	-3950	//	-3968	-4134	-3967	-3924	-3875	//	-3896	-3906	-3930	-4122	-4089	//	-4093	-3905	-3989	-4130	-4061	//	-4101	-4032	-3996	-4124	-3909	//	-4021	

-1032	-1087	-1028	-1131	-903	//	-950	-1080	-1143	-1069	-884	//	-1077	-947	-1115	-1046	-1149	//	-1085	-943	-967	-956	-1031	//	-1132	-1036	-947	-870	-909	//	-1004	-1122	-961	-1086	-1034	//	-1069	-1053	-1103	-1020	-888	//	-1085	-1010	-1044	-1149	-889	//	-1084	-1003	-1085	-1121	-949	//	-1072	-1059	-878	-1070	-1139	//	4	-1964	-2004	-2016	-1861	//	-1871	-1960	-1882	-2104	-1886	//	-1993	-2056	-2081	-2095	-2032	//	-1911	-1913	-1998	-2121	-1956	//	-3935	-4122	-4117	-4013	-4068	//	-4019	-4047	-3882	-4065	-3856	//	-4113	-4033	-4134	-4012	-4054	//	-4148	-3924	-4083	-4000	-4112	//	-4118	-3856	-4069	-4007	-3965	//	-3955	-4000	-4137	-4117	-3915	//	-4087	

-1100	-863	-1111	-1093	-894	//	-1080	-1111	-955	-1051	-1003	//	-1101	-905	-862	-1021	-1090	//	-1124	-1115	-894	-905	-1131	//	-1028	-1147	-937	-1013	-899	//	-1100	-1150	-1055	-944	-905	//	-1130	-1017	-1122	-919	-1038	//	-936	-912	-879	-964	-1007	//	-958	-980	-928	-864	-1076	//	-867	-870	-1138	-1040	-1084	//	121	-1917	-2056	-1995	-1911	//	-2072	-2075	-1883	-2057	-2027	//	-2063	-2130	-2118	-2066	-1904	//	-2015	-1926	-2102	-2076	-1936	//	-4095	-3909	-3947	-3906	-4025	//	-3910	-3927	-3923	-4033	-4068	//	-3972	-4147	-4005	-3896	-4142	//	-4036	-4120	-3854	-4124	-3903	//	-4096	-4025	-3853	-3928	-3878	//	-4129	-3875	-4051	-4123	-3906	//	-4091	

-864	-1002	-909	-1049	-1046	//	-1095	-980	-866	-1025	-1063	//	-969	-1099	-962	-987	-1077	//	-970	-979	-1017	-1015	-978	//	-1094	-1076	-893	-941	-886	//	-899	-883	-907	-1066	-1072	//	-1125	-874	-863	-938	-952	//	-915	-996	-893	-1046	-994	//	-1066	-1055	-872	-976	-1140	//	-1139	-1138	-950	-1150	-1136	//	7	-1874	-2041	-1946	-1941	//	-2082	-1875	-2123	-1964	-2105	//	-2137	-1917	-2018	-1934	-2065	//	-1992	-1980	-1907	-1976	-2001	//	-4035	-4118	-3882	-3892	-4116	//	-4117	-4111	-4105	-4005	-3892	//	-4122	-4129	-4003	-3896	-4034	//	-3900	-3944	-3920	-3991	-3970	//	-4112	-4026	-3960	-3912	-3990	//	-3924	-4069	-4030	-3886	-3981	//	-3983	

-1109	-891	-1108	-921	-861	//	-1048	-910	-932	-954	-1053	//	-1078	-1125	-969	-998	-1086	//	-1020	-1029	-1073	-926	-1053	//	-1005	-1061	-1002	-1036	-1051	//	-947	-954	-998	-884	-914	//	-919	-897	-997	-1001	-861	//	-926	-909	-1135	-854	-971	//	-922	-1036	-1067	-961	-1052	//	-1123	-1104	-861	-851	-923	//	63	-1902	-1998	-2050	-2115	//	-1855	-1976	-2107	-1864	-1989	//	-1938	-2054	-1942	-1915	-2105	//	-2129	-1888	-2117	-2088	-2099	//	-4089	-4069	-4099	-3896	-4058	//	-3985	-4058	-4101	-4091	-3982	//	-4110	-4054	-3915	-4093	-3937	//	-3978	-4067	-4079	-4060	-4068	//	-4077	-4112	-3954	-3854	-3991	//	-3937	-4088	-4063	-3891	-3956	//	-3990	



-1062	-1031	-897	-987	-1091	//	-1128	-1149	-946	-1083	-913	//	-933	-1065	-1107	-1059	-905	//	-979	-1088	-969	-883	-895	//	-965	-1056	-1088	-1010	-994	//	-1066	-1100	-1047	-934	-933	//	-957	-891	-1022	-1146	-1010	//	-1125	-1087	-913	-1065	-1077	//	-1018	-966	-1088	-971	-988	//	-967	-1038	-1067	-1066	-862	//	-48	-2130	-2046	-1874	-2126	//	-2113	-1908	-2011	-1950	-2080	//	-2112	-1881	-2009	-2095	-1953	//	-2002	-1996	-2088	-1926	-2074	//	-4051	-3999	-3959	-4144	-3970	//	-3884	-3942	-4131	-4059	-4057	//	-3862	-3991	-3983	-4086	-4040	//	-4088	-4098	-4003	-4112	-4132	//	-3902	-3899	-4138	-4024	-4050	//	-3856	-3960	-4005	-3871	-3920	//	-3953	

-1009	-1028	-920	-1117	-989	//	-1119	-1101	-882	-970	-935	//	-953	-867	-959	-902	-1073	//	-1029	-1036	-1119	-906	-928	//	-971	-971	-1091	-1121	-960	//	-886	-899	-1003	-1082	-873	//	-1093	-1000	-877	-932	-878	//	-1131	-977	-931	-992	-1106	//	-856	-1023	-1139	-952	-877	//	-1100	-1053	-934	-1017	-983	//	52	-1991	-1860	-2110	-1931	//	-2030	-2016	-1969	-2037	-1983	//	-2025	-1998	-1905	-2018	-1862	//	-2035	-1995	-2080	-2010	-2119	//	-3928	-4143	-4095	-3852	-3860	//	-4132	-3926	-4055	-4037	-4111	//	-3996	-3914	-4072	-3972	-4128	//	-4071	-4069	-3942	-4066	-3908	//	-3949	-4046	-4080	-4123	-3950	//	-3878	-4037	-4114	-4087	-3952	//	-3888	

-1066	-871	-947	-940	-909	//	-869	-951	-984	-1018	-1063	//	-967	-978	-1142	-929	-960	//	-985	-907	-960	-993	-961	//	-999	-1062	-1031	-1004	-900	//	-1079	-945	-1014	-879	-996	//	-987	-916	-975	-1114	-914	//	-1006	-1093	-1122	-992	-966	//	-1096	-1148	-1101	-1097	-1109	//	-1138	-1119	-939	-1081	-1020	//	-96	-1894	-1986	-2140	-2018	//	-1861	-2012	-1857	-1913	-2081	//	-1914	-2065	-2059	-2121	-1924	//	-1995	-1921	-1955	-2006	-2072	//	-4049	-4073	-3962	-3964	-4080	//	-4111	-4029	-3972	-3876	-3936	//	-3894	-4091	-3997	-3955	-3891	//	-3851	-4118	-4066	-4137	-3943	//	-4143	-3919	-4063	-3936	-3962	//	-4137	-4088	-3882	-3877	-4054	//	-3999	

-1107	-1028	-1073	-933	-885	//	-1065	-1114	-927	-951	-1118	//	-923	-943	-1002	-1071	-1147	//	-1098	-921	-1011	-992	-957	//	-968	-1075	-976	-942	-1091	//	-1107	-1058	-970	-1033	-1022	//	-896	-995	-1066	-924	-924	//	-957	-1014	-888	-1118	-907	//	-1081	-1082	-909	-957	-1013	//	-924	-964	-1110	-1088	-1119	//	3	-2073	-1933	-2137	-2041	//	-1915	-1919	-1880	-2052	-2041	//	-1915	-1880	-2140	-1903	-1996	//	-1858	-2099	-2120	-2070	-2107	//	-3906	-4055	-3878	-4075	-3937	//	-3958	-3991	-3968	-4043	-3952	//	-3893	-4086	-4076	-4081	-3991	//	-3878	-4073	-4139	-3962	-3889	//	-4085	-3860	-4013	-3984	-4108	//	-4025	-4038	-4003	-3986	-3987	//	-4074	

-901	-1050	-957	-943	-936	//	-965	-1108	-1051	-852	-903	//	-960	-1104	-951	-907	-1130	//	-940	-940	-969	-932	-1128	//	-1146	-1133	-1092	-943	-912	//	-987	-927	-1134	-1017	-1039	//	-1134	-948	-1107	-945	-881	//	-998	-1098	-900	-902	-1066	//	-1048	-1073	-1025	-1014	-901	//	-871	-951	-1095	-1126	-955	//	0	-2116	-1987	-1853	-1857	//	-1983	-1907	-2113	-1899	-1927	//	-2081	-1984	-2079	-2064	-1904	//	-2073	-1920	-2037	-2128	-2140	//	-4016	-4042	-4114	-4110	-4118	//	-4018	-3931	-3986	-3955	-3884	//	-3897	-3901	-3880	-4072	-3856	//	-3967	-4008	-3966	-4145	-4011	//	-4040	-4083	-4058	-3926	-3933	//	-4089	-4091	-3912	-3870	-4078	//	-4006	



-884	-1013	-937	-880	-1107	//	-1037	-971	-924	-978	-923	//	-1098	-1073	-979	-948	-990	//	-997	-1131	-975	-1046	-1114	//	-1083	-1149	-1033	-876	-1149	//	-1107	-972	-979	-966	-904	//	-1084	-1138	-1039	-1106	-859	//	-997	-982	-920	-870	-977	//	-1064	-895	-1014	-1068	-959	//	-1100	-913	-1018	-900	-1054	//	140	-2121	-2032	-1867	-2090	//	-1908	-2027	-1856	-2022	-1857	//	-1908	-1880	-2025	-2130	-2130	//	-2032	-1907	-1861	-1854	-2091	//	-3870	-4072	-4005	-4102	-3865	//	-3909	-4037	-3971	-4079	-4066	//	-4093	-3929	-4031	-3936	-4124	//	-4016	-3908	-3938	-4017	-4104	//	-4061	-4045	-3986	-3912	-3984	//	-3851	-3983	-3977	-4093	-3942	//	-4130	

-911	-874	-1040	-863	-1001	//	-898	-1011	-879	-895	-1124	//	-920	-923	-1097	-1144	-1146	//	-904	-891	-899	-1019	-963	//	-1026	-865	-995	-861	-1067	//	-1080	-950	-922	-1029	-936	//	-1125	-895	-1070	-911	-886	//	-1146	-862	-876	-1027	-1150	//	-866	-963	-1057	-1130	-1136	//	-917	-855	-930	-1010	-1138	//	-119	-2137	-1879	-1996	-2105	//	-1874	-1964	-2029	-2104	-1992	//	-2142	-1963	-2085	-1976	-2071	//	-1893	-2096	-1878	-2146	-2140	//	-3954	-3971	-3994	-4000	-3961	//	-3975	-4087	-3942	-3866	-4010	//	-4105	-3870	-3982	-4113	-3962	//	-4124	-3936	-4088	-4114	-3926	//	-3947	-3967	-4054	-3878	-3995	//	-4140	-4030	-3886	-3871	-4014	//	-4116	

-874	-947	-1125	-1075	-1010	//	-945	-906	-898	-1095	-945	//	-1110	-1143	-1061	-895	-1008	//	-1092	-1113	-894	-930	-886	//	-990	-872	-907	-863	-918	//	-1059	-1076	-967	-1020	-1033	//	-873	-1129	-1100	-861	-1143	//	-949	-937	-1031	-1074	-953	//	-1041	-1026	-1086	-851	-981	//	-937	-1136	-1063	-1129	-1109	//	78	-1931	-2100	-2054	-1860	//	-1971	-1979	-2102	-1958	-2150	//	-1853	-1898	-1939	-1879	-1939	//	-1860	-1923	-1951	-2076	-1870	//	-4052	-4041	-3968	-4065	-4042	//	-3951	-3875	-3971	-4136	-3945	//	-4053	-4034	-3974	-4074	-3921	//	-4138	-4094	-4009	-3880	-4137	//	-4088	-3883	-3950	-3851	-4035	//	-3970	-3966	-3873	-4089	-4021	//	-3928	

-936	-1015	-1099	-1065	-870	//	-864	-1080	-1063	-1002	-1138	//	-1132	-971	-858	-1050	-1133	//	-937	-942	-1058	-1080	-925	//	-908	-1004	-917	-1018	-880	//	-1122	-925	-948	-1100	-877	//	-857	-1083	-863	-933	-998	//	-952	-1064	-1050	-882	-874	//	-1142	-898	-952	-1100	-1043	//	-868	-889	-1052	-1035	-888	//	-146	-1968	-1988	-1900	-1981	//	-2146	-1906	-2048	-2112	-2080	//	-1999	-1923	-1936	-2021	-1939	//	-2088	-2044	-1903	-2083	-2062	//	-3851	-4057	-3871	-3852	-3954	//	-3922	-3863	-4114	-3949	-4135	//	-4076	-4060	-4092	-4110	-3962	//	-3992	-4024	-3972	-4022	-4022	//	-3942	-3910	-4124	-3910	-4129	//	-3893	-4124	-3963	-3870	-4091	//	-4031	

-1007	-957	-966	-1029	-939	//	-1148	-1138	-922	-898	-873	//	-1082	-1035	-864	-874	-870	//	-924	-998	-1023	-944	-922	//	-990	-1128	-1029	-961	-875	//	-997	-1118	-893	-939	-988	//	-898	-982	-966	-1144	-897	//	-1138	-1044	-1122	-960	-1080	//	-1044	-1065	-942	-1049	-1145	//	-908	-883	-1146	-855	-1029	//	-14	-2135	-1885	-1952	-1881	//	-1907	-2098	-2007	-1907	-2020	//	-1961	-2014	-2067	-1854	-1926	//	-2006	-1917	-1917	-2060	-2058	//	-4097	-3989	-4006	-3975	-3853	//	-3913	-3966	-3863	-3886	-3927	//	-3972	-4001	-4135	-3924	-4106	//	-3881	-4144	-4054	-3884	-3918	//	-4123	-4069	-3883	-4041	-3878	//	-4123	-4000	-4069	-3894	-3901	//	-4084	



-1120	-1096	-1060	-943	-951	//	-1013	-990	-915	-948	-1145	//	-1139	-948	-1045	-1033	-1148	//	-1012	-912	-943	-1149	-1123	//	-1059	-903	-1008	-1034	-859	//	-962	-1131	-1058	-1063	-1105	//	-1089	-1076	-1101	-952	-1053	//	-928	-997	-853	-1005	-1037	//	-851	-989	-1143	-1133	-868	//	-1008	-1099	-1023	-1034	-1139	//	30	-2045	-2063	-1960	-2116	//	-2093	-2078	-2021	-2029	-2043	//	-2128	-2134	-2001	-2138	-1985	//	-2138	-2053	-2124	-2132	-1908	//	-3944	-3981	-4108	-3900	-4002	//	-3945	-3968	-3999	-4133	-4009	//	-4117	-3966	-3906	-3985	-3865	//	-4087	-3934	-3853	-4103	-4078	//	-4060	-3993	-4108	-4095	-4120	//	-4011	-3955	-3951	-4004	-4046	//	-4094	

-1043	-920	-903	-914	-929	//	-1144	-970	-853	-1140	-1111	//	-1023	-967	-1098	-1011	-1124	//	-1096	-934	-998	-996	-862	//	-882	-981	-859	-1114	-1136	//	-945	-1127	-966	-991	-856	//	-1071	-854	-1005	-887	-896	//	-1081	-1081	-1027	-1050	-1015	//	-1104	-1123	-1137	-939	-1102	//	-922	-1007	-1129	-1121	-899	//	-6	-2130	-1879	-1949	-2139	//	-2110	-1942	-1914	-2046	-1957	//	-1999	-1976	-1960	-1941	-1887	//	-2115	-1888	-1918	-1988	-2085	//	-4136	-3862	-3957	-3907	-3901	//	-4121	-4106	-3956	-4150	-4097	//	-4142	-4103	-4084	-4045	-4022	//	-4100	-4020	-3896	-4042	-3936	//	-4143	-3993	-4057	-4095	-3943	//	-4150	-3879	-3855	-3993	-4147	//	-4013	

-989	-957	-1019	-925	-1001	//	-1066	-856	-1086	-908	-1048	//	-1141	-879	-1112	-1008	-889	//	-929	-1124	-861	-999	-872	//	-919	-891	-1022	-1030	-928	//	-1025	-864	-930	-929	-1041	//	-1065	-945	-1094	-905	-932	//	-1121	-1084	-1121	-971	-968	//	-929	-1058	-989	-988	-1141	//	-959	-1069	-1106	-1133	-916	//	-101	-2106	-2033	-2135	-1869	//	-2073	-2118	-2139	-1921	-1864	//	-1970	-2039	-1874	-1878	-2043	//	-2044	-1971	-2031	-2137	-2112	//	-3875	-4078	-4068	-3957	-3968	//	-4150	-4005	-4031	-4124	-3923	//	-3980	-3956	-3894	-3988	-4024	//	-4137	-3872	-3933	-4069	-4004	//	-4029	-3989	-4143	-4134	-3921	//	-4083	-4054	-4033	-3966	-3894	//	-3996	

-1069	-1120	-887	-1135	-861	//	-1066	-1100	-958	-1089	-974	//	-1093	-875	-919	-883	-909	//	-1000	-1129	-1111	-995	-1096	//	-1067	-1012	-947	-1072	-995	//	-1125	-1097	-897	-851	-1045	//	-931	-1067	-860	-972	-958	//	-970	-886	-864	-1071	-995	//	-877	-887	-952	-1129	-920	//	-852	-874	-1083	-970	-1101	//	-40	-1983	-2121	-1918	-2035	//	-2122	-1880	-1982	-2073	-1960	//	-1880	-1956	-2004	-1931	-1921	//	-1882	-1907	-1902	-1948	-2136	//	-3973	-4001	-4087	-4110	-3970	//	-3955	-4105	-4145	-3960	-4057	//	-4028	-3955	-4041	-4110	-3933	//	-3874	-3913	-3975	-3949	-4016	//	-4050	-4114	-3852	-3929	-3921	//	-3921	-4012	-4139	-4090	-3902	//	-3925	

-899	-1049	-1051	-1104	-987	//	-942	-1069	-1126	-858	-1015	//	-1120	-1116	-880	-894	-1079	//	-982	-1036	-1115	-1078	-871	//	-1064	-901	-894	-1041	-930	//	-1138	-1053	-1100	-1014	-962	//	-1149	-1078	-1065	-1034	-1044	//	-1146	-1078	-951	-1127	-963	//	-938	-983	-929	-1100	-1135	//	-928	-856	-1000	-1118	-1098	//	49	-2071	-1885	-1877	-2100	//	-2109	-2090	-2021	-1989	-2005	//	-2111	-1948	-1898	-1906	-1875	//	-1919	-2043	-1885	-2082	-2135	//	-4082	-4133	-3958	-3947	-4123	//	-3884	-3917	-3940	-3935	-3858	//	-3855	-3851	-3990	-3947	-3955	//	-4119	-3995	-3975	-3921	-4126	//	-4067	-4031	-4018	-3939	-4041	//	-4059	-3961	-4135	-3995	-4141	//	-3991	



-923	-886	-854	-1096	-966	//	-1058	-1038	-979	-1049	-1055	//	-1091	-1077	-1049	-900	-971	//	-866	-933	-1047	-1008	-969	//	-879	-1078	-1085	-927	-946	//	-1055	-1012	-914	-1103	-889	//	-856	-1121	-975	-980	-991	//	-944	-1109	-1051	-1068	-1011	//	-970	-861	-940	-1008	-1111	//	-858	-1138	-952	-1139	-1026	//	61	-1878	-2075	-2128	-1969	//	-2002	-2069	-1980	-2097	-1991	//	-2033	-1913	-1975	-2129	-2148	//	-2106	-1862	-2065	-2012	-2086	//	-4023	-3860	-3939	-3912	-3905	//	-3918	-4035	-3958	-4049	-4118	//	-4125	-4141	-4109	-3974	-3941	//	-4081	-4007	-3918	-4066	-3963	//	-4053	-3932	-3885	-3949	-3881	//	-4071	-3877	-3975	-3909	-4138	//	-4074	

